1.000000 -105.000000 -15.214300 0.000000 0.000000000 0.000000000 -0.707106666 0.707106897
1.100000 -105.000000 -17.185700 0.000000 0.000000000 0.000000000 -0.707106666 0.707106897
1.200000 -105.000000 -19.157100 0.000000 0.000000000 0.000000000 -0.707106666 0.707106897
1.300000 -105.000000 -21.128600 0.000000 0.000000000 0.000000000 -0.707106666 0.707106897
1.400000 -105.000000 -23.100000 0.000000 0.000000000 0.000000000 -0.707106666 0.707106897
1.500000 -105.000000 -25.071400 0.000000 0.000000000 0.000000000 -0.707106666 0.707106897
1.600000 -105.000000 -27.042900 0.000000 0.000000000 0.000000000 -0.707106666 0.707106897
1.700000 -105.000000 -29.014300 0.000000 0.000000000 0.000000000 -0.707106666 0.707106897
1.800000 -105.000000 -32.957100 0.000000 0.000000000 0.000000000 -0.707106666 0.707106897
1.900000 -105.000000 -32.957100 0.000000 0.000000000 0.000000000 -0.707106666 0.707106897
2.000000 -105.000000 -36.900000 0.000000 0.000000000 0.000000000 -0.707106666 0.707106897
2.100000 -105.000000 -36.900000 0.000000 0.000000000 0.000000000 -0.707106666 0.707106897
2.200000 -105.000000 -38.871400 0.000000 0.000000000 0.000000000 -0.707106666 0.707106897
2.300000 -105.000000 -42.814300 0.000000 0.000000000 0.000000000 -0.707106666 0.707106897
2.400000 -105.000000 -44.785700 0.000000 0.000000000 0.000000000 -0.707106666 0.707106897
2.500000 -105.000000 -44.785700 0.000000 0.000000000 0.000000000 -0.707106666 0.707106897
2.600000 -105.000000 -48.728600 0.000000 0.000000000 0.000000000 -0.707106666 0.707106897
2.700000 -105.000000 -48.728600 0.000000 0.000000000 0.000000000 -0.707106666 0.707106897
2.800000 -105.000000 -50.700000 0.000000 0.000000000 0.000000000 -0.707106666 0.707106897
2.900000 -105.000000 -52.671400 0.000000 0.000000000 0.000000000 -0.707106666 0.707106897
3.000000 -105.000000 -56.614300 0.000000 0.000000000 0.000000000 -0.707106666 0.707106897
3.100000 -105.000000 -56.614300 0.000000 0.000000000 0.000000000 -0.707106666 0.707106897
3.200000 -105.000000 -58.585700 0.000000 0.000000000 0.000000000 -0.707106666 0.707106897
3.300000 -105.000000 -60.557100 0.000000 0.000000000 0.000000000 -0.707106666 0.707106897
3.400000 -105.000000 -62.528600 0.000000 0.000000000 0.000000000 -0.707106666 0.707106897
3.500000 -105.000000 -64.500000 0.000000 0.000000000 0.000000000 -0.698376380 0.715730698
3.600000 -104.805000 -68.469700 0.000000 0.000000000 0.000000000 -0.662415829 0.749136349
3.700000 -104.805000 -68.469700 0.000000 0.000000000 0.000000000 -0.662415829 0.749136349
3.800000 -104.561600 -70.442600 0.000000 0.000000000 0.000000000 -0.643831360 0.765167420
3.900000 -103.786300 -74.340700 0.000000 0.000000000 0.000000000 -0.605511158 0.795836816
4.000000 -103.256100 -76.256500 0.000000 0.000000000 0.000000000 -0.585797727 0.810457293
4.100000 -102.632500 -78.144000 0.000000 0.000000000 0.000000000 -0.565731836 0.824589285
4.200000 -101.917100 -79.998700 0.000000 0.000000000 0.000000000 -0.545325176 0.838224584
4.300000 -90.192900 -95.806900 0.000000 0.000000000 0.000000000 -0.325310434 0.945607277
4.400000 -90.192900 -95.806900 0.000000 0.000000000 0.000000000 -0.325310434 0.945607277
4.500000 -88.625800 -97.029900 0.000000 0.000000000 0.000000000 -0.302005799 0.953306088
4.600000 -87.000600 -98.174500 0.000000 0.000000000 0.000000000 -0.278519723 0.960430510
4.700000 -104.805000 -68.469700 0.000000 0.000000000 0.000000000 -0.662415829 0.749136349
4.800000 -83.591600 -100.217800 0.000000 0.000000000 0.000000000 -0.231058031 0.972939971
4.900000 -42.632500 78.144000 0.000000 0.000000000 0.000000000 -0.810457101 0.585797991
5.000000 13.242900 105.000000 0.000000 0.000000000 0.000000000 1.000000000 -0.000000173
5.100000 0.557100 -105.000000 0.000000 0.000000000 0.000000000 0.000000000 1.000000000
5.200000 -1.414300 -105.000000 0.000000 0.000000000 0.000000000 0.000000000 1.000000000
5.300000 -103.256100 -76.256500 0.000000 0.000000000 0.000000000 -0.585797727 0.810457293
5.400000 -101.917100 -79.998700 0.000000 0.000000000 0.000000000 -0.545325176 0.838224584
5.500000 -98.174500 27.000600 0.000000 0.000000000 0.000000000 -0.876070032 0.482183885
5.600000 -98.174500 27.000600 0.000000 0.000000000 0.000000000 -0.876070032 0.482183885
5.700000 -13.242900 -105.000000 0.000000 0.000000000 0.000000000 0.000000000 1.000000000
5.800000 -101.111600 21.816000 0.000000 0.000000000 0.000000000 -0.838224678 0.545325031
5.900000 8.469700 -104.805000 0.000000 0.000000000 0.000000000 0.061320505 0.998118127
6.000000 12.401200 -104.221800 0.000000 0.000000000 0.000000000 0.110222091 0.993906983
6.100000 -105.000000 -62.528600 0.000000 0.000000000 0.000000000 -0.707106666 0.707106897
6.200000 76.256500 -43.256100 0.000000 0.000000000 0.000000000 0.158858141 0.987301418
6.300000 78.144000 -42.632500 0.000000 0.000000000 0.000000000 0.183039697 0.983105523
6.400000 81.816000 -41.111600 0.000000 0.000000000 0.000000000 0.231058031 0.972939971
6.500000 13.242900 105.000000 0.000000 0.000000000 0.000000000 1.000000000 -0.000000173
6.600000 -44.951200 66.487200 0.000000 0.000000000 0.000000000 -0.715730819 0.698376256
6.700000 -45.000000 64.500000 0.000000 0.000000000 0.000000000 -0.724247182 0.689540440
6.800000 -60.557100 -105.000000 0.000000 0.000000000 0.000000000 0.000000000 1.000000000
6.900000 -60.557100 -105.000000 0.000000 0.000000000 0.000000000 0.000000000 1.000000000
7.000000 -101.917100 -79.998700 0.000000 0.000000000 0.000000000 -0.545325176 0.838224584
7.100000 -104.805000 -68.469700 0.000000 0.000000000 0.000000000 -0.662415829 0.749136349
7.200000 -100.217800 -83.591600 0.000000 0.000000000 0.000000000 -0.503538478 0.863972801
7.300000 62.528600 105.000000 0.000000 0.000000000 0.000000000 1.000000000 -0.000000173
7.400000 11.271400 105.000000 0.000000 0.000000000 0.000000000 1.000000000 -0.000000173
7.500000 -104.805000 -68.469700 0.000000 0.000000000 0.000000000 -0.662415829 0.749136349
7.600000 -104.221800 -72.401200 0.000000 0.000000000 0.000000000 -0.624859452 0.780737258
7.700000 -103.786300 -74.340700 0.000000 0.000000000 0.000000000 -0.605511158 0.795836816
7.800000 -103.256100 -76.256500 0.000000 0.000000000 0.000000000 -0.585797727 0.810457293
7.900000 -102.632500 -78.144000 0.000000 0.000000000 0.000000000 -0.565731836 0.824589285
8.000000 -101.917100 -79.998700 0.000000 0.000000000 0.000000000 -0.545325176 0.838224584
8.100000 -104.951200 -66.487200 0.000000 0.000000000 0.000000000 -0.680600907 0.732654356
8.200000 -103.786300 -74.340700 0.000000 0.000000000 0.000000000 -0.605511158 0.795836816
8.300000 -103.256100 -76.256500 0.000000 0.000000000 0.000000000 -0.585797727 0.810457293
8.400000 -102.632500 -78.144000 0.000000 0.000000000 0.000000000 -0.565731836 0.824589285
8.500000 -95.806900 -90.192900 0.000000 0.000000000 0.000000000 -0.416429450 0.909168033
8.600000 -94.508500 -91.698100 0.000000 0.000000000 0.000000000 -0.393992106 0.919113823
8.700000 -93.137800 -93.137800 0.000000 0.000000000 0.000000000 -0.371316975 0.928506168
8.800000 -78.144000 42.632500 0.000000 0.000000000 0.000000000 -0.983105463 0.183040018
8.900000 -87.000600 -98.174500 0.000000 0.000000000 0.000000000 -0.278519723 0.960430510
9.000000 -62.588700 45.093900 0.000000 0.000000000 0.000000000 -0.999698815 0.024541363
9.100000 -64.500000 45.000000 0.000000 0.000000000 0.000000000 -0.999924702 0.012271519
9.200000 -103.786300 -74.340700 0.000000 0.000000000 0.000000000 -0.605511158 0.795836816
9.300000 -103.256100 -76.256500 0.000000 0.000000000 0.000000000 -0.585797727 0.810457293
9.400000 -78.144000 42.632500 0.000000 0.000000000 0.000000000 -0.983105463 0.183040018
9.500000 95.806900 -30.192900 0.000000 0.000000000 0.000000000 0.438616406 0.898674384
9.600000 17.185700 105.000000 0.000000 0.000000000 0.000000000 1.000000000 -0.000000173
9.700000 70.442600 -44.561600 0.000000 0.000000000 0.000000000 0.085797388 0.996312606
9.800000 13.242900 105.000000 0.000000 0.000000000 0.000000000 1.000000000 -0.000000173
9.900000 13.242900 105.000000 0.000000 0.000000000 0.000000000 1.000000000 -0.000000173
10.000000 -76.256500 43.256100 0.000000 0.000000000 0.000000000 -0.987301446 0.158857970
10.100000 105.000000 19.157100 0.000000 0.000000000 0.000000000 0.707106666 0.707106897
10.200000 105.000000 21.128600 0.000000 0.000000000 0.000000000 0.707106666 0.707106897
10.300000 34.508500 -91.698100 0.000000 0.000000000 0.000000000 0.416429450 0.909168033
10.400000 -99.238000 -85.321200 0.000000 0.000000000 0.000000000 -0.482183598 0.876070190
10.500000 94.508500 -31.698100 0.000000 0.000000000 0.000000000 0.416429450 0.909168033
10.600000 -30.192900 95.806900 0.000000 0.000000000 0.000000000 -0.937339087 0.348418478
10.700000 91.698100 -34.508500 0.000000 0.000000000 0.000000000 0.371316975 0.928506168
10.800000 94.508500 -31.698100 0.000000 0.000000000 0.000000000 0.416429450 0.909168033
10.900000 97.029900 -28.625800 0.000000 0.000000000 0.000000000 0.460538706 0.887639623
11.000000 98.174500 -27.000600 0.000000 0.000000000 0.000000000 0.482183598 0.876070190
11.100000 98.174500 -27.000600 0.000000 0.000000000 0.000000000 0.482183598 0.876070190
11.200000 105.000000 11.271400 0.000000 0.000000000 0.000000000 0.707106666 0.707106897
11.300000 105.000000 60.557100 0.000000 0.000000000 0.000000000 0.707106666 0.707106897
11.400000 105.000000 60.557100 0.000000 0.000000000 0.000000000 0.707106666 0.707106897
11.500000 105.000000 17.185700 0.000000 0.000000000 0.000000000 0.707106666 0.707106897
11.600000 105.000000 19.157100 0.000000 0.000000000 0.000000000 0.707106666 0.707106897
11.700000 97.029900 -28.625800 0.000000 0.000000000 0.000000000 0.460538706 0.887639623
11.800000 -104.221800 -72.401200 0.000000 0.000000000 0.000000000 -0.624859452 0.780737258
11.900000 -104.221800 -72.401200 0.000000 0.000000000 0.000000000 -0.624859452 0.780737258
12.000000 -103.786300 -74.340700 0.000000 0.000000000 0.000000000 -0.605511158 0.795836816
12.100000 -103.256100 -76.256500 0.000000 0.000000000 0.000000000 -0.585797727 0.810457293
12.200000 -102.632500 -78.144000 0.000000 0.000000000 0.000000000 -0.565731836 0.824589285
12.300000 -101.917100 -79.998700 0.000000 0.000000000 0.000000000 -0.545325176 0.838224584
12.400000 -101.111600 -81.816000 0.000000 0.000000000 0.000000000 -0.524589611 0.851355237
12.500000 95.806900 -30.192900 0.000000 0.000000000 0.000000000 0.438616406 0.898674384
12.600000 -100.217800 -83.591600 0.000000 0.000000000 0.000000000 -0.503538478 0.863972801
12.700000 -64.500000 45.000000 0.000000 0.000000000 0.000000000 -0.999924702 0.012271519
12.800000 -64.500000 45.000000 0.000000 0.000000000 0.000000000 -0.999924702 0.012271519
12.900000 -68.469700 44.805000 0.000000 0.000000000 0.000000000 -0.998118107 0.061320831
13.000000 -42.814300 -105.000000 0.000000 0.000000000 0.000000000 0.000000000 1.000000000
13.100000 -40.842900 -105.000000 0.000000 0.000000000 0.000000000 0.000000000 1.000000000
13.200000 11.271400 105.000000 0.000000 0.000000000 0.000000000 1.000000000 -0.000000173
13.300000 0.557100 -105.000000 0.000000 0.000000000 0.000000000 0.000000000 1.000000000
13.400000 0.557100 -105.000000 0.000000 0.000000000 0.000000000 0.000000000 1.000000000
13.500000 0.557100 -105.000000 0.000000 0.000000000 0.000000000 0.000000000 1.000000000
13.600000 2.528600 -105.000000 0.000000 0.000000000 0.000000000 0.000000000 1.000000000
13.700000 -39.238000 85.321200 0.000000 0.000000000 0.000000000 -0.863972888 0.503538328
13.800000 95.806900 -30.192900 0.000000 0.000000000 0.000000000 0.438616406 0.898674384
13.900000 8.469700 -104.805000 0.000000 0.000000000 0.000000000 0.061320505 0.998118127
14.000000 8.469700 -104.805000 0.000000 0.000000000 0.000000000 0.061320505 0.998118127
14.100000 -9.300000 -105.000000 0.000000 0.000000000 0.000000000 0.000000000 1.000000000
14.200000 12.401200 -104.221800 0.000000 0.000000000 0.000000000 0.110222091 0.993906983
14.300000 -5.357100 -105.000000 0.000000 0.000000000 0.000000000 0.000000000 1.000000000
14.400000 16.256500 -103.256100 0.000000 0.000000000 0.000000000 0.158858141 0.987301418
14.500000 -1.414300 -105.000000 0.000000 0.000000000 0.000000000 0.000000000 1.000000000
14.600000 0.557100 -105.000000 0.000000 0.000000000 0.000000000 0.000000000 1.000000000
14.700000 2.528600 -105.000000 0.000000 0.000000000 0.000000000 0.000000000 1.000000000
14.800000 4.500000 -105.000000 0.000000 0.000000000 0.000000000 0.012271692 0.999924700
14.900000 76.256500 -43.256100 0.000000 0.000000000 0.000000000 0.158858141 0.987301418
15.000000 -104.221800 -72.401200 0.000000 0.000000000 0.000000000 -0.624859452 0.780737258
15.100000 -104.951200 -66.487200 0.000000 0.000000000 0.000000000 -0.680600907 0.732654356
15.200000 -104.805000 -68.469700 0.000000 0.000000000 0.000000000 -0.662415829 0.749136349
15.300000 -48.728600 -105.000000 0.000000 0.000000000 0.000000000 0.000000000 1.000000000
15.400000 -101.917100 -79.998700 0.000000 0.000000000 0.000000000 -0.545325176 0.838224584
15.500000 -101.111600 -81.816000 0.000000 0.000000000 0.000000000 -0.524589611 0.851355237
15.600000 -100.217800 -83.591600 0.000000 0.000000000 0.000000000 -0.503538478 0.863972801
15.700000 -100.217800 -83.591600 0.000000 0.000000000 0.000000000 -0.503538478 0.863972801
15.800000 -62.588700 45.093900 0.000000 0.000000000 0.000000000 -0.999698815 0.024541363
15.900000 -99.238000 -85.321200 0.000000 0.000000000 0.000000000 -0.482183598 0.876070190
16.000000 -83.591600 -100.217800 0.000000 0.000000000 0.000000000 -0.231058031 0.972939971
16.100000 91.698100 -34.508500 0.000000 0.000000000 0.000000000 0.371316975 0.928506168
16.200000 91.698100 -34.508500 0.000000 0.000000000 0.000000000 0.371316975 0.928506168
16.300000 94.508500 -31.698100 0.000000 0.000000000 0.000000000 0.416429450 0.909168033
16.400000 95.806900 -30.192900 0.000000 0.000000000 0.000000000 0.438616406 0.898674384
16.500000 95.806900 -30.192900 0.000000 0.000000000 0.000000000 0.438616406 0.898674384
16.600000 97.029900 -28.625800 0.000000 0.000000000 0.000000000 0.460538706 0.887639623
16.700000 98.174500 -27.000600 0.000000 0.000000000 0.000000000 0.482183598 0.876070190
16.800000 99.238000 -25.321200 0.000000 0.000000000 0.000000000 0.503538478 0.863972801
16.900000 99.238000 -25.321200 0.000000 0.000000000 0.000000000 0.503538478 0.863972801
17.000000 100.217800 -23.591600 0.000000 0.000000000 0.000000000 0.524589611 0.851355237
17.100000 101.111600 -21.816000 0.000000 0.000000000 0.000000000 0.545325176 0.838224584
17.200000 -28.625800 97.029900 0.000000 0.000000000 0.000000000 -0.945607333 0.325310270
17.300000 -28.625800 97.029900 0.000000 0.000000000 0.000000000 -0.945607333 0.325310270
17.400000 -87.000600 -98.174500 0.000000 0.000000000 0.000000000 -0.278519723 0.960430510
17.500000 -87.000600 -98.174500 0.000000 0.000000000 0.000000000 -0.278519723 0.960430510
17.600000 -87.000600 -98.174500 0.000000 0.000000000 0.000000000 -0.278519723 0.960430510
17.700000 -85.321200 -99.238000 0.000000 0.000000000 0.000000000 -0.254865880 0.966976413
17.800000 -81.816000 -101.111600 0.000000 0.000000000 0.000000000 -0.207111487 0.978317347
17.900000 104.561600 -10.442600 0.000000 0.000000000 0.000000000 0.662415829 0.749136349
18.000000 -102.632500 -78.144000 0.000000 0.000000000 0.000000000 -0.565731836 0.824589285
18.100000 -102.632500 -78.144000 0.000000 0.000000000 0.000000000 -0.565731836 0.824589285
18.200000 -101.917100 -79.998700 0.000000 0.000000000 0.000000000 -0.545325176 0.838224584
18.300000 -101.917100 -79.998700 0.000000 0.000000000 0.000000000 -0.545325176 0.838224584
18.400000 -56.614300 -105.000000 0.000000 0.000000000 0.000000000 0.000000000 1.000000000
18.500000 -100.217800 -83.591600 0.000000 0.000000000 0.000000000 -0.503538478 0.863972801
18.600000 -54.642900 -105.000000 0.000000 0.000000000 0.000000000 0.000000000 1.000000000
18.700000 -52.671400 -105.000000 0.000000 0.000000000 0.000000000 0.000000000 1.000000000
18.800000 -60.695700 45.374700 0.000000 0.000000000 0.000000000 -0.997290438 0.073564812
18.900000 105.000000 19.157100 0.000000 0.000000000 0.000000000 0.707106666 0.707106897
19.000000 105.000000 21.128600 0.000000 0.000000000 0.000000000 0.707106666 0.707106897
19.100000 105.000000 21.128600 0.000000 0.000000000 0.000000000 0.707106666 0.707106897
19.200000 9.300000 105.000000 0.000000 0.000000000 0.000000000 1.000000000 -0.000000173
19.300000 105.000000 25.071400 0.000000 0.000000000 0.000000000 0.707106666 0.707106897
19.400000 105.000000 27.042900 0.000000 0.000000000 0.000000000 0.707106666 0.707106897
19.500000 105.000000 29.014300 0.000000 0.000000000 0.000000000 0.707106666 0.707106897
19.600000 105.000000 15.214300 0.000000 0.000000000 0.000000000 0.707106666 0.707106897
19.700000 105.000000 17.185700 0.000000 0.000000000 0.000000000 0.707106666 0.707106897
19.800000 105.000000 19.157100 0.000000 0.000000000 0.000000000 0.707106666 0.707106897
19.900000 105.000000 21.128600 0.000000 0.000000000 0.000000000 0.707106666 0.707106897
20.000000 105.000000 21.128600 0.000000 0.000000000 0.000000000 0.707106666 0.707106897
20.100000 105.000000 23.100000 0.000000 0.000000000 0.000000000 0.707106666 0.707106897
20.200000 -9.300000 -105.000000 0.000000 0.000000000 0.000000000 0.000000000 1.000000000
20.300000 -5.357100 -105.000000 0.000000 0.000000000 0.000000000 0.000000000 1.000000000
20.400000 -104.805000 -68.469700 0.000000 0.000000000 0.000000000 -0.662415829 0.749136349
20.500000 -104.805000 -68.469700 0.000000 0.000000000 0.000000000 -0.662415829 0.749136349
20.600000 -104.221800 -72.401200 0.000000 0.000000000 0.000000000 -0.624859452 0.780737258
20.700000 0.557100 -105.000000 0.000000 0.000000000 0.000000000 0.000000000 1.000000000
20.800000 -103.786300 -74.340700 0.000000 0.000000000 0.000000000 -0.605511158 0.795836816
20.900000 -95.806900 -90.192900 0.000000 0.000000000 0.000000000 -0.416429450 0.909168033
21.000000 -91.698100 -94.508500 0.000000 0.000000000 0.000000000 -0.348418640 0.937339027
21.100000 -93.137800 -93.137800 0.000000 0.000000000 0.000000000 -0.371316975 0.928506168
21.200000 -91.698100 -94.508500 0.000000 0.000000000 0.000000000 -0.348418640 0.937339027
21.300000 -87.000600 -98.174500 0.000000 0.000000000 0.000000000 -0.278519723 0.960430510
21.400000 -87.000600 -98.174500 0.000000 0.000000000 0.000000000 -0.278519723 0.960430510
21.500000 -85.321200 -99.238000 0.000000 0.000000000 0.000000000 -0.254865880 0.966976413
21.600000 13.242900 105.000000 0.000000 0.000000000 0.000000000 1.000000000 -0.000000173
21.700000 13.242900 105.000000 0.000000 0.000000000 0.000000000 1.000000000 -0.000000173
21.800000 -94.508500 -91.698100 0.000000 0.000000000 0.000000000 -0.393992106 0.919113823
21.900000 -91.698100 -94.508500 0.000000 0.000000000 0.000000000 -0.348418640 0.937339027
22.000000 105.000000 -0.557100 0.000000 0.000000000 0.000000000 0.707106666 0.707106897
22.100000 105.000000 -0.557100 0.000000 0.000000000 0.000000000 0.707106666 0.707106897
22.200000 105.000000 1.414300 0.000000 0.000000000 0.000000000 0.707106666 0.707106897
22.300000 105.000000 3.385700 0.000000 0.000000000 0.000000000 0.707106666 0.707106897
22.400000 105.000000 1.414300 0.000000 0.000000000 0.000000000 0.707106666 0.707106897
22.500000 55.307800 -47.302500 0.000000 0.000000000 0.000000000 0.219101012 0.975702181
22.600000 55.307800 -47.302500 0.000000 0.000000000 0.000000000 0.219101012 0.975702181
22.700000 -62.528600 -105.000000 0.000000 0.000000000 0.000000000 0.000000000 1.000000000
22.800000 -42.632500 78.144000 0.000000 0.000000000 0.000000000 -0.810457101 0.585797991
22.900000 -11.271400 -105.000000 0.000000 0.000000000 0.000000000 0.000000000 1.000000000
23.000000 -45.374700 60.695700 0.000000 0.000000000 0.000000000 -0.788346350 0.615231690
23.100000 -104.951200 -66.487200 0.000000 0.000000000 0.000000000 -0.680600907 0.732654356
23.200000 105.000000 19.157100 0.000000 0.000000000 0.000000000 0.707106666 0.707106897
23.300000 105.000000 21.128600 0.000000 0.000000000 0.000000000 0.707106666 0.707106897
23.400000 105.000000 21.128600 0.000000 0.000000000 0.000000000 0.707106666 0.707106897
23.500000 11.271400 105.000000 0.000000 0.000000000 0.000000000 1.000000000 -0.000000173
23.600000 -78.144000 42.632500 0.000000 0.000000000 0.000000000 -0.983105463 0.183040018
23.700000 8.469700 -104.805000 0.000000 0.000000000 0.000000000 0.061320505 0.998118127
23.800000 12.401200 -104.221800 0.000000 0.000000000 0.000000000 0.110222091 0.993906983
23.900000 12.401200 -104.221800 0.000000 0.000000000 0.000000000 0.110222091 0.993906983
24.000000 5.357100 105.000000 0.000000 0.000000000 0.000000000 1.000000000 -0.000000173
24.100000 9.300000 105.000000 0.000000 0.000000000 0.000000000 1.000000000 -0.000000173
24.200000 76.256500 103.256100 0.000000 0.000000000 0.000000000 0.990902633 0.134580726
24.300000 74.340700 103.786300 0.000000 0.000000000 0.000000000 0.993906947 0.110222416
24.400000 70.442600 104.561600 0.000000 0.000000000 0.000000000 0.998118107 0.061320831
24.500000 70.442600 104.561600 0.000000 0.000000000 0.000000000 0.998118107 0.061320831
24.600000 68.469700 104.805000 0.000000 0.000000000 0.000000000 0.999322392 0.036807011
24.700000 76.256500 -43.256100 0.000000 0.000000000 0.000000000 0.158858141 0.987301418
24.800000 76.256500 -43.256100 0.000000 0.000000000 0.000000000 0.158858141 0.987301418
24.900000 76.256500 -43.256100 0.000000 0.000000000 0.000000000 0.158858141 0.987301418
25.000000 104.561600 70.442600 0.000000 0.000000000 0.000000000 0.765167209 0.643831610
25.100000 3.385700 105.000000 0.000000 0.000000000 0.000000000 1.000000000 -0.000000173
25.200000 -0.557100 105.000000 0.000000 0.000000000 0.000000000 1.000000000 -0.000000173
25.300000 21.128600 105.000000 0.000000 0.000000000 0.000000000 1.000000000 -0.000000173
25.400000 21.128600 105.000000 0.000000 0.000000000 0.000000000 1.000000000 -0.000000173
25.500000 4.500000 -105.000000 0.000000 0.000000000 0.000000000 0.012271692 0.999924700
25.600000 4.500000 -105.000000 0.000000 0.000000000 0.000000000 0.012271692 0.999924700
25.700000 11.271400 105.000000 0.000000 0.000000000 0.000000000 1.000000000 -0.000000173
25.800000 11.271400 105.000000 0.000000 0.000000000 0.000000000 1.000000000 -0.000000173
25.900000 104.805000 68.469700 0.000000 0.000000000 0.000000000 0.749136464 0.662415699
26.000000 9.300000 105.000000 0.000000 0.000000000 0.000000000 1.000000000 -0.000000173
26.100000 7.328600 105.000000 0.000000 0.000000000 0.000000000 1.000000000 -0.000000173
26.200000 49.426300 -52.129300 0.000000 0.000000000 0.000000000 0.405241520 0.914209664
26.300000 3.385700 105.000000 0.000000 0.000000000 0.000000000 1.000000000 -0.000000173
26.400000 50.711400 -50.711400 0.000000 0.000000000 0.000000000 0.359895140 0.932992759
26.500000 1.414300 105.000000 0.000000 0.000000000 0.000000000 1.000000000 -0.000000173
26.600000 55.307800 -47.302500 0.000000 0.000000000 0.000000000 0.219101012 0.975702181
26.700000 55.307800 -47.302500 0.000000 0.000000000 0.000000000 0.219101012 0.975702181
26.800000 -9.300000 -105.000000 0.000000 0.000000000 0.000000000 0.000000000 1.000000000
26.900000 -9.300000 -105.000000 0.000000 0.000000000 0.000000000 0.000000000 1.000000000
27.000000 58.839400 -45.839700 0.000000 0.000000000 0.000000000 0.122410712 0.992479530
27.100000 100.217800 -23.591600 0.000000 0.000000000 0.000000000 0.524589611 0.851355237
27.200000 101.111600 -21.816000 0.000000 0.000000000 0.000000000 0.545325176 0.838224584
27.300000 -66.487200 44.951200 0.000000 0.000000000 0.000000000 -0.999322392 0.036807011
27.400000 13.242900 105.000000 0.000000 0.000000000 0.000000000 1.000000000 -0.000000173
27.500000 13.242900 105.000000 0.000000 0.000000000 0.000000000 1.000000000 -0.000000173
27.600000 11.271400 105.000000 0.000000 0.000000000 0.000000000 1.000000000 -0.000000173
27.700000 9.300000 105.000000 0.000000 0.000000000 0.000000000 1.000000000 -0.000000173
27.800000 7.328600 105.000000 0.000000 0.000000000 0.000000000 1.000000000 -0.000000173
27.900000 3.385700 105.000000 0.000000 0.000000000 0.000000000 1.000000000 -0.000000173
28.000000 3.385700 105.000000 0.000000 0.000000000 0.000000000 1.000000000 -0.000000173
28.100000 -0.557100 105.000000 0.000000 0.000000000 0.000000000 1.000000000 -0.000000173
28.200000 -0.557100 105.000000 0.000000 0.000000000 0.000000000 1.000000000 -0.000000173
28.300000 -2.528600 105.000000 0.000000 0.000000000 0.000000000 1.000000000 -0.000000173
28.400000 -6.487200 104.951200 0.000000 0.000000000 0.000000000 -0.999322392 0.036807011
28.500000 -6.487200 104.951200 0.000000 0.000000000 0.000000000 -0.999322392 0.036807011
28.600000 -8.469700 104.805000 0.000000 0.000000000 0.000000000 -0.998118107 0.061320831
28.700000 -10.442600 104.561600 0.000000 0.000000000 0.000000000 -0.996312621 0.085797215
28.800000 -14.340700 103.786300 0.000000 0.000000000 0.000000000 -0.990902633 0.134580726
28.900000 -14.340700 103.786300 0.000000 0.000000000 0.000000000 -0.990902633 0.134580726
29.000000 -18.144000 102.632500 0.000000 0.000000000 0.000000000 -0.983105463 0.183040018
29.100000 -19.998700 101.917100 0.000000 0.000000000 0.000000000 -0.978317383 0.207111317
29.200000 -21.816000 101.111600 0.000000 0.000000000 0.000000000 -0.972939895 0.231058349
29.300000 -21.816000 101.111600 0.000000 0.000000000 0.000000000 -0.972939895 0.231058349
29.400000 -23.591600 100.217800 0.000000 0.000000000 0.000000000 -0.966976457 0.254865712
29.500000 -25.321200 99.238000 0.000000 0.000000000 0.000000000 -0.960430558 0.278519557
29.600000 -28.625800 97.029900 0.000000 0.000000000 0.000000000 -0.945607333 0.325310270
29.700000 -28.625800 97.029900 0.000000 0.000000000 0.000000000 -0.945607333 0.325310270
29.800000 -30.192900 95.806900 0.000000 0.000000000 0.000000000 -0.937339087 0.348418478
29.900000 -31.698100 94.508500 0.000000 0.000000000 0.000000000 -0.928506047 0.371317279
30.000000 -33.137800 93.137800 0.000000 0.000000000 0.000000000 -0.919113892 0.393991947
30.100000 -34.508500 91.698100 0.000000 0.000000000 0.000000000 -0.909167897 0.416429748
30.200000 -35.806900 90.192900 0.000000 0.000000000 0.000000000 -0.898674460 0.438616251
30.300000 -37.029900 88.625800 0.000000 0.000000000 0.000000000 -0.887639703 0.460538552
30.400000 -38.174500 87.000600 0.000000 0.000000000 0.000000000 -0.876070032 0.482183885
30.500000 -39.238000 85.321200 0.000000 0.000000000 0.000000000 -0.863972888 0.503538328
30.600000 -40.217800 83.591600 0.000000 0.000000000 0.000000000 -0.851355066 0.524589890
30.700000 -41.111600 81.816000 0.000000 0.000000000 0.000000000 -0.838224678 0.545325031
30.800000 -41.917100 79.998700 0.000000 0.000000000 0.000000000 -0.824589383 0.565731694
30.900000 -42.632500 78.144000 0.000000 0.000000000 0.000000000 -0.810457101 0.585797991
31.000000 -43.256100 76.256500 0.000000 0.000000000 0.000000000 -0.795836921 0.605511020
31.100000 -43.786300 74.340700 0.000000 0.000000000 0.000000000 -0.780737366 0.624859316
31.200000 -44.221800 72.401200 0.000000 0.000000000 0.000000000 -0.765167209 0.643831610
31.300000 -44.561600 70.442600 0.000000 0.000000000 0.000000000 -0.749136464 0.662415699
31.400000 -44.805000 68.469700 0.000000 0.000000000 0.000000000 -0.732654134 0.680601146
31.500000 -44.951200 66.487200 0.000000 0.000000000 0.000000000 -0.715730819 0.698376256
31.600000 -45.000000 64.500000 0.000000 0.000000000 0.000000000 -0.724247182 0.689540440
31.700000 -45.093900 62.588700 0.000000 0.000000000 0.000000000 -0.757208689 0.653173026
31.800000 -45.374700 60.695700 0.000000 0.000000000 0.000000000 -0.788346350 0.615231690
31.900000 -45.839700 58.839400 0.000000 0.000000000 0.000000000 -0.817584806 0.575808201
32.000000 -46.484300 57.037700 0.000000 0.000000000 0.000000000 -0.844853620 0.534997533
32.100000 -47.302500 55.307800 0.000000 0.000000000 0.000000000 -0.870087099 0.492898003
32.200000 -48.286300 53.666400 0.000000 0.000000000 0.000000000 -0.893224226 0.449611479
32.300000 -49.426300 52.129300 0.000000 0.000000000 0.000000000 -0.914209734 0.405241362
32.400000 -50.711400 50.711400 0.000000 0.000000000 0.000000000 -0.932992821 0.359894978
32.500000 -52.129300 49.426300 0.000000 0.000000000 0.000000000 -0.949528236 0.313681572
32.600000 -53.666400 48.286300 0.000000 0.000000000 0.000000000 -0.963776010 0.266712958
32.700000 -55.307800 47.302500 0.000000 0.000000000 0.000000000 -0.975702110 0.219101331
32.800000 -57.037700 46.484300 0.000000 0.000000000 0.000000000 -0.985277646 0.170961868
32.900000 -58.839400 45.839700 0.000000 0.000000000 0.000000000 -0.992479551 0.122410540
33.000000 -60.695700 45.374700 0.000000 0.000000000 0.000000000 -0.997290438 0.073564812
33.100000 -62.588700 45.093900 0.000000 0.000000000 0.000000000 -0.999698815 0.024541363
33.200000 -64.500000 45.000000 0.000000 0.000000000 0.000000000 -0.999924702 0.012271519
33.300000 -66.487200 44.951200 0.000000 0.000000000 0.000000000 -0.999322392 0.036807011
33.400000 -68.469700 44.805000 0.000000 0.000000000 0.000000000 -0.998118107 0.061320831
33.500000 -70.442600 44.561600 0.000000 0.000000000 0.000000000 -0.996312621 0.085797215
33.600000 -72.401200 44.221800 0.000000 0.000000000 0.000000000 -0.993906947 0.110222416
33.700000 -74.340700 43.786300 0.000000 0.000000000 0.000000000 -0.990902633 0.134580726
33.800000 -78.144000 42.632500 0.000000 0.000000000 0.000000000 -0.983105463 0.183040018
33.900000 -78.144000 42.632500 0.000000 0.000000000 0.000000000 -0.983105463 0.183040018
34.000000 -79.998700 41.917100 0.000000 0.000000000 0.000000000 -0.978317383 0.207111317
34.100000 -81.816000 41.111600 0.000000 0.000000000 0.000000000 -0.972939895 0.231058349
34.200000 -83.591600 40.217800 0.000000 0.000000000 0.000000000 -0.966976457 0.254865712
34.300000 -85.321200 39.238000 0.000000 0.000000000 0.000000000 -0.960430558 0.278519557
34.400000 -87.000600 38.174500 0.000000 0.000000000 0.000000000 -0.953305989 0.302006111
34.500000 -88.625800 37.029900 0.000000 0.000000000 0.000000000 -0.945607333 0.325310270
34.600000 -90.192900 35.806900 0.000000 0.000000000 0.000000000 -0.937339087 0.348418478
34.700000 -91.698100 34.508500 0.000000 0.000000000 0.000000000 -0.928506047 0.371317279
34.800000 -93.137800 33.137800 0.000000 0.000000000 0.000000000 -0.919113892 0.393991947
34.900000 -94.508500 31.698100 0.000000 0.000000000 0.000000000 -0.909167897 0.416429748
35.000000 -95.806900 30.192900 0.000000 0.000000000 0.000000000 -0.898674460 0.438616251
35.100000 -97.029900 28.625800 0.000000 0.000000000 0.000000000 -0.887639703 0.460538552
35.200000 -98.174500 27.000600 0.000000 0.000000000 0.000000000 -0.876070032 0.482183885
35.300000 -99.238000 25.321200 0.000000 0.000000000 0.000000000 -0.863972888 0.503538328
