2.500000 -105.000000 -44.785700 0.000000 0.000000000 0.000000000 -0.707106666 0.707106897
2.600000 -105.000000 -46.757100 0.000000 0.000000000 0.000000000 -0.707106666 0.707106897
2.700000 -105.000000 -48.728600 0.000000 0.000000000 0.000000000 -0.707106666 0.707106897
2.800000 -105.000000 -50.700000 0.000000 0.000000000 0.000000000 -0.707106666 0.707106897
2.900000 -105.000000 -52.671400 0.000000 0.000000000 0.000000000 -0.707106666 0.707106897
3.000000 -105.000000 -54.642900 0.000000 0.000000000 0.000000000 -0.707106666 0.707106897
3.100000 -105.000000 -56.614300 0.000000 0.000000000 0.000000000 -0.707106666 0.707106897
3.200000 -105.000000 -58.585700 0.000000 0.000000000 0.000000000 -0.707106666 0.707106897
3.300000 -105.000000 -60.557100 0.000000 0.000000000 0.000000000 -0.707106666 0.707106897
3.400000 -105.000000 -62.528600 0.000000 0.000000000 0.000000000 -0.707106666 0.707106897
3.500000 -105.000000 -64.500000 0.000000 0.000000000 0.000000000 -0.698376380 0.715730698
3.600000 -104.951200 -66.487200 0.000000 0.000000000 0.000000000 -0.680600907 0.732654356
3.700000 -104.805000 -68.469700 0.000000 0.000000000 0.000000000 -0.662415829 0.749136349
3.800000 -104.561600 -70.442600 0.000000 0.000000000 0.000000000 -0.643831360 0.765167420
3.900000 -104.221800 -72.401200 0.000000 0.000000000 0.000000000 -0.624859452 0.780737258
4.000000 -103.786300 -74.340700 0.000000 0.000000000 0.000000000 -0.605511158 0.795836816
4.100000 -103.256100 -76.256500 0.000000 0.000000000 0.000000000 -0.585797727 0.810457293
4.200000 -102.632500 -78.144000 0.000000 0.000000000 0.000000000 -0.565731836 0.824589285
4.300000 -101.917100 -79.998700 0.000000 0.000000000 0.000000000 -0.545325176 0.838224584
4.400000 -101.111600 -81.816000 0.000000 0.000000000 0.000000000 -0.524589611 0.851355237
4.500000 -99.238000 -85.321200 0.000000 0.000000000 0.000000000 -0.482183598 0.876070190
4.600000 -99.238000 -85.321200 0.000000 0.000000000 0.000000000 -0.482183598 0.876070190
4.700000 -98.174500 -87.000600 0.000000 0.000000000 0.000000000 -0.460538706 0.887639623
4.800000 -97.029900 -88.625800 0.000000 0.000000000 0.000000000 -0.438616406 0.898674384
4.900000 -95.806900 -90.192900 0.000000 0.000000000 0.000000000 -0.416429450 0.909168033
5.000000 -94.508500 -91.698100 0.000000 0.000000000 0.000000000 -0.393992106 0.919113823
5.100000 -93.137800 -93.137800 0.000000 0.000000000 0.000000000 -0.371316975 0.928506168
5.200000 -91.698100 -94.508500 0.000000 0.000000000 0.000000000 -0.348418640 0.937339027
5.300000 -90.192900 -95.806900 0.000000 0.000000000 0.000000000 -0.325310434 0.945607277
5.400000 -88.625800 -97.029900 0.000000 0.000000000 0.000000000 -0.302005799 0.953306088
5.500000 -87.000600 -98.174500 0.000000 0.000000000 0.000000000 -0.278519723 0.960430510
5.600000 -85.321200 -99.238000 0.000000 0.000000000 0.000000000 -0.254865880 0.966976413
5.700000 -83.591600 -100.217800 0.000000 0.000000000 0.000000000 -0.231058031 0.972939971
5.800000 -78.144000 -102.632500 0.000000 0.000000000 0.000000000 -0.158858141 0.987301418
5.900000 -79.998700 -101.917100 0.000000 0.000000000 0.000000000 -0.183039697 0.983105523
6.000000 -76.256500 -103.256100 0.000000 0.000000000 0.000000000 -0.134580897 0.990902610
6.100000 -76.256500 -103.256100 0.000000 0.000000000 0.000000000 -0.134580897 0.990902610
6.200000 -72.401200 -104.221800 0.000000 0.000000000 0.000000000 -0.085797388 0.996312606
6.300000 -72.401200 -104.221800 0.000000 0.000000000 0.000000000 -0.085797388 0.996312606
6.400000 -68.469700 -104.805000 0.000000 0.000000000 0.000000000 -0.036807184 0.999322386
6.500000 -66.487200 -104.951200 0.000000 0.000000000 0.000000000 -0.012271692 0.999924700
6.600000 -64.500000 -105.000000 0.000000 0.000000000 0.000000000 0.000000000 1.000000000
6.700000 -64.500000 -105.000000 0.000000 0.000000000 0.000000000 0.000000000 1.000000000
6.800000 -60.557100 -105.000000 0.000000 0.000000000 0.000000000 0.000000000 1.000000000
6.900000 -60.557100 -105.000000 0.000000 0.000000000 0.000000000 0.000000000 1.000000000
7.000000 -58.585700 -105.000000 0.000000 0.000000000 0.000000000 0.000000000 1.000000000
7.100000 -56.614300 -105.000000 0.000000 0.000000000 0.000000000 0.000000000 1.000000000
7.200000 -54.642900 -105.000000 0.000000 0.000000000 0.000000000 0.000000000 1.000000000
7.300000 -52.671400 -105.000000 0.000000 0.000000000 0.000000000 0.000000000 1.000000000
7.400000 -50.700000 -105.000000 0.000000 0.000000000 0.000000000 0.000000000 1.000000000
7.500000 -48.728600 -105.000000 0.000000 0.000000000 0.000000000 0.000000000 1.000000000
7.600000 -46.757100 -105.000000 0.000000 0.000000000 0.000000000 0.000000000 1.000000000
7.700000 -42.814300 -105.000000 0.000000 0.000000000 0.000000000 0.000000000 1.000000000
7.800000 -42.814300 -105.000000 0.000000 0.000000000 0.000000000 0.000000000 1.000000000
7.900000 -40.842900 -105.000000 0.000000 0.000000000 0.000000000 0.000000000 1.000000000
8.000000 -38.871400 -105.000000 0.000000 0.000000000 0.000000000 0.000000000 1.000000000
8.100000 -36.900000 -105.000000 0.000000 0.000000000 0.000000000 0.000000000 1.000000000
8.200000 95.806900 90.192900 0.000000 0.000000000 0.000000000 0.909167897 0.416429748
8.300000 -32.957100 -105.000000 0.000000 0.000000000 0.000000000 0.000000000 1.000000000
8.400000 -30.985700 -105.000000 0.000000 0.000000000 0.000000000 0.000000000 1.000000000
8.500000 -29.014300 -105.000000 0.000000 0.000000000 0.000000000 0.000000000 1.000000000
8.600000 88.625800 97.029900 0.000000 0.000000000 0.000000000 0.953305989 0.302006111
8.700000 87.000600 98.174500 0.000000 0.000000000 0.000000000 0.960430558 0.278519557
8.800000 -23.100000 -105.000000 0.000000 0.000000000 0.000000000 0.000000000 1.000000000
8.900000 -21.128600 -105.000000 0.000000 0.000000000 0.000000000 0.000000000 1.000000000
9.000000 -19.157100 -105.000000 0.000000 0.000000000 0.000000000 0.000000000 1.000000000
9.100000 14.340700 -103.786300 0.000000 0.000000000 0.000000000 0.134580897 0.990902610
9.200000 -43.786300 74.340700 0.000000 0.000000000 0.000000000 -0.780737366 0.624859316
9.300000 -49.426300 52.129300 0.000000 0.000000000 0.000000000 -0.914209734 0.405241362
9.400000 95.806900 -30.192900 0.000000 0.000000000 0.000000000 0.438616406 0.898674384
9.500000 23.591600 -100.217800 0.000000 0.000000000 0.000000000 0.254865880 0.966976413
9.600000 25.321200 -99.238000 0.000000 0.000000000 0.000000000 0.278519723 0.960430510
9.700000 -10.442600 104.561600 0.000000 0.000000000 0.000000000 -0.996312621 0.085797215
9.800000 -37.029900 88.625800 0.000000 0.000000000 0.000000000 -0.887639703 0.460538552
9.900000 -12.401200 104.221800 0.000000 0.000000000 0.000000000 -0.993906947 0.110222416
10.000000 -39.238000 85.321200 0.000000 0.000000000 0.000000000 -0.863972888 0.503538328
10.100000 34.508500 -91.698100 0.000000 0.000000000 0.000000000 0.416429450 0.909168033
10.200000 43.786300 -74.340700 0.000000 0.000000000 0.000000000 0.624859452 0.780737258
10.300000 -41.917100 79.998700 0.000000 0.000000000 0.000000000 -0.824589383 0.565731694
10.400000 104.951200 -6.487200 0.000000 0.000000000 0.000000000 0.698376380 0.715730698
10.500000 -103.786300 -74.340700 0.000000 0.000000000 0.000000000 -0.605511158 0.795836816
10.600000 -103.786300 -74.340700 0.000000 0.000000000 0.000000000 -0.605511158 0.795836816
10.700000 45.000000 -64.500000 0.000000 0.000000000 0.000000000 0.689540566 0.724247063
10.800000 0.557100 -105.000000 0.000000 0.000000000 0.000000000 0.000000000 1.000000000
10.900000 -3.385700 -105.000000 0.000000 0.000000000 0.000000000 0.000000000 1.000000000
11.000000 -1.414300 -105.000000 0.000000 0.000000000 0.000000000 0.000000000 1.000000000
11.100000 23.591600 -100.217800 0.000000 0.000000000 0.000000000 0.254865880 0.966976413
11.200000 102.632500 -18.144000 0.000000 0.000000000 0.000000000 0.585797727 0.810457293
11.300000 4.500000 -105.000000 0.000000 0.000000000 0.000000000 0.012271692 0.999924700
11.400000 4.500000 -105.000000 0.000000 0.000000000 0.000000000 0.012271692 0.999924700
11.500000 103.256100 76.256500 0.000000 0.000000000 0.000000000 0.810457101 0.585797991
11.600000 -1.414300 -105.000000 0.000000 0.000000000 0.000000000 0.000000000 1.000000000
11.700000 105.000000 13.242900 0.000000 0.000000000 0.000000000 0.707106666 0.707106897
11.800000 4.500000 -105.000000 0.000000 0.000000000 0.000000000 0.012271692 0.999924700
11.900000 4.500000 -105.000000 0.000000 0.000000000 0.000000000 0.012271692 0.999924700
12.000000 105.000000 17.185700 0.000000 0.000000000 0.000000000 0.707106666 0.707106897
12.100000 105.000000 19.157100 0.000000 0.000000000 0.000000000 0.707106666 0.707106897
12.200000 10.442600 -104.561600 0.000000 0.000000000 0.000000000 0.085797388 0.996312606
12.300000 14.340700 -103.786300 0.000000 0.000000000 0.000000000 0.134580897 0.990902610
12.400000 14.340700 -103.786300 0.000000 0.000000000 0.000000000 0.134580897 0.990902610
12.500000 16.256500 -103.256100 0.000000 0.000000000 0.000000000 0.158858141 0.987301418
12.600000 18.144000 -102.632500 0.000000 0.000000000 0.000000000 0.183039697 0.983105523
12.700000 105.000000 29.014300 0.000000 0.000000000 0.000000000 0.707106666 0.707106897
12.800000 105.000000 30.985700 0.000000 0.000000000 0.000000000 0.707106666 0.707106897
12.900000 23.591600 -100.217800 0.000000 0.000000000 0.000000000 0.254865880 0.966976413
13.000000 27.000600 -98.174500 0.000000 0.000000000 0.000000000 0.302005799 0.953306088
13.100000 -56.614300 -105.000000 0.000000 0.000000000 0.000000000 0.000000000 1.000000000
13.200000 30.192900 -95.806900 0.000000 0.000000000 0.000000000 0.348418640 0.937339027
13.300000 30.192900 -95.806900 0.000000 0.000000000 0.000000000 0.348418640 0.937339027
13.400000 30.192900 -95.806900 0.000000 0.000000000 0.000000000 0.348418640 0.937339027
13.500000 31.698100 -94.508500 0.000000 0.000000000 0.000000000 0.371316975 0.928506168
13.600000 34.508500 -91.698100 0.000000 0.000000000 0.000000000 0.416429450 0.909168033
13.700000 34.508500 -91.698100 0.000000 0.000000000 0.000000000 0.416429450 0.909168033
13.800000 35.806900 -90.192900 0.000000 0.000000000 0.000000000 0.438616406 0.898674384
13.900000 37.029900 -88.625800 0.000000 0.000000000 0.000000000 0.460538706 0.887639623
14.000000 58.839400 -45.839700 0.000000 0.000000000 0.000000000 0.122410712 0.992479530
14.100000 41.917100 -79.998700 0.000000 0.000000000 0.000000000 0.565731836 0.824589285
14.200000 40.217800 -83.591600 0.000000 0.000000000 0.000000000 0.524589611 0.851355237
14.300000 41.917100 -79.998700 0.000000 0.000000000 0.000000000 0.565731836 0.824589285
14.400000 42.632500 -78.144000 0.000000 0.000000000 0.000000000 0.585797727 0.810457293
14.500000 43.256100 -76.256500 0.000000 0.000000000 0.000000000 0.605511158 0.795836816
14.600000 70.442600 -44.561600 0.000000 0.000000000 0.000000000 0.085797388 0.996312606
14.700000 62.588700 -45.093900 0.000000 0.000000000 0.000000000 0.024541036 0.999698823
14.800000 44.561600 -70.442600 0.000000 0.000000000 0.000000000 0.662415829 0.749136349
14.900000 76.256500 -43.256100 0.000000 0.000000000 0.000000000 0.158858141 0.987301418
15.000000 76.256500 -43.256100 0.000000 0.000000000 0.000000000 0.158858141 0.987301418
15.100000 60.695700 -45.374700 0.000000 0.000000000 0.000000000 0.073564486 0.997290462
15.200000 79.998700 -41.917100 0.000000 0.000000000 0.000000000 0.207111487 0.978317347
15.300000 83.591600 -40.217800 0.000000 0.000000000 0.000000000 0.254865880 0.966976413
15.400000 83.591600 -40.217800 0.000000 0.000000000 0.000000000 0.254865880 0.966976413
15.500000 83.591600 -40.217800 0.000000 0.000000000 0.000000000 0.254865880 0.966976413
15.600000 87.000600 -38.174500 0.000000 0.000000000 0.000000000 0.302005799 0.953306088
15.700000 87.000600 -38.174500 0.000000 0.000000000 0.000000000 0.302005799 0.953306088
15.800000 88.625800 -37.029900 0.000000 0.000000000 0.000000000 0.325310434 0.945607277
15.900000 90.192900 -35.806900 0.000000 0.000000000 0.000000000 0.348418640 0.937339027
16.000000 91.698100 -34.508500 0.000000 0.000000000 0.000000000 0.371316975 0.928506168
16.100000 93.137800 -33.137800 0.000000 0.000000000 0.000000000 0.393992106 0.919113823
16.200000 85.321200 -39.238000 0.000000 0.000000000 0.000000000 0.278519723 0.960430510
16.300000 87.000600 -38.174500 0.000000 0.000000000 0.000000000 0.302005799 0.953306088
16.400000 88.625800 -37.029900 0.000000 0.000000000 0.000000000 0.325310434 0.945607277
16.500000 90.192900 -35.806900 0.000000 0.000000000 0.000000000 0.348418640 0.937339027
16.600000 91.698100 -34.508500 0.000000 0.000000000 0.000000000 0.371316975 0.928506168
16.700000 100.217800 -23.591600 0.000000 0.000000000 0.000000000 0.524589611 0.851355237
16.800000 101.111600 -21.816000 0.000000 0.000000000 0.000000000 0.545325176 0.838224584
16.900000 101.917100 -19.998700 0.000000 0.000000000 0.000000000 0.565731836 0.824589285
17.000000 101.917100 -19.998700 0.000000 0.000000000 0.000000000 0.565731836 0.824589285
17.100000 94.508500 -31.698100 0.000000 0.000000000 0.000000000 0.416429450 0.909168033
17.200000 103.256100 -16.256500 0.000000 0.000000000 0.000000000 0.605511158 0.795836816
17.300000 103.786300 -14.340700 0.000000 0.000000000 0.000000000 0.624859452 0.780737258
17.400000 98.174500 -27.000600 0.000000 0.000000000 0.000000000 0.482183598 0.876070190
17.500000 100.217800 -23.591600 0.000000 0.000000000 0.000000000 0.524589611 0.851355237
17.600000 104.561600 -10.442600 0.000000 0.000000000 0.000000000 0.662415829 0.749136349
17.700000 104.805000 -8.469700 0.000000 0.000000000 0.000000000 0.680600907 0.732654356
17.800000 103.256100 -16.256500 0.000000 0.000000000 0.000000000 0.605511158 0.795836816
17.900000 103.256100 -16.256500 0.000000 0.000000000 0.000000000 0.605511158 0.795836816
18.000000 104.221800 -12.401200 0.000000 0.000000000 0.000000000 0.643831360 0.765167420
18.100000 105.000000 -4.500000 0.000000 0.000000000 0.000000000 0.707106666 0.707106897
18.200000 105.000000 -4.500000 0.000000 0.000000000 0.000000000 0.707106666 0.707106897
18.300000 105.000000 -2.528600 0.000000 0.000000000 0.000000000 0.707106666 0.707106897
18.400000 105.000000 1.414300 0.000000 0.000000000 0.000000000 0.707106666 0.707106897
18.500000 105.000000 1.414300 0.000000 0.000000000 0.000000000 0.707106666 0.707106897
18.600000 105.000000 3.385700 0.000000 0.000000000 0.000000000 0.707106666 0.707106897
18.700000 105.000000 5.357100 0.000000 0.000000000 0.000000000 0.707106666 0.707106897
18.800000 105.000000 9.300000 0.000000 0.000000000 0.000000000 0.707106666 0.707106897
18.900000 105.000000 11.271400 0.000000 0.000000000 0.000000000 0.707106666 0.707106897
19.000000 105.000000 13.242900 0.000000 0.000000000 0.000000000 0.707106666 0.707106897
19.100000 105.000000 13.242900 0.000000 0.000000000 0.000000000 0.707106666 0.707106897
19.200000 105.000000 15.214300 0.000000 0.000000000 0.000000000 0.707106666 0.707106897
19.300000 105.000000 19.157100 0.000000 0.000000000 0.000000000 0.707106666 0.707106897
19.400000 50.711400 -50.711400 0.000000 0.000000000 0.000000000 0.359895140 0.932992759
19.500000 52.129300 -49.426300 0.000000 0.000000000 0.000000000 0.313681737 0.949528182
19.600000 52.129300 -49.426300 0.000000 0.000000000 0.000000000 0.313681737 0.949528182
19.700000 55.307800 -47.302500 0.000000 0.000000000 0.000000000 0.219101012 0.975702181
19.800000 57.037700 -46.484300 0.000000 0.000000000 0.000000000 0.170962038 0.985277616
19.900000 57.037700 -46.484300 0.000000 0.000000000 0.000000000 0.170962038 0.985277616
20.000000 62.588700 -45.093900 0.000000 0.000000000 0.000000000 0.024541036 0.999698823
20.100000 64.500000 -45.000000 0.000000 0.000000000 0.000000000 0.012271692 0.999924700
20.200000 66.487200 -44.951200 0.000000 0.000000000 0.000000000 0.036807184 0.999322386
20.300000 68.469700 -44.805000 0.000000 0.000000000 0.000000000 0.061320505 0.998118127
20.400000 70.442600 -44.561600 0.000000 0.000000000 0.000000000 0.085797388 0.996312606
20.500000 72.401200 -44.221800 0.000000 0.000000000 0.000000000 0.110222091 0.993906983
20.600000 76.256500 -43.256100 0.000000 0.000000000 0.000000000 0.158858141 0.987301418
20.700000 76.256500 -43.256100 0.000000 0.000000000 0.000000000 0.158858141 0.987301418
20.800000 79.998700 -41.917100 0.000000 0.000000000 0.000000000 0.207111487 0.978317347
20.900000 81.816000 -41.111600 0.000000 0.000000000 0.000000000 0.231058031 0.972939971
21.000000 83.591600 -40.217800 0.000000 0.000000000 0.000000000 0.254865880 0.966976413
21.100000 85.321200 -39.238000 0.000000 0.000000000 0.000000000 0.278519723 0.960430510
21.200000 -14.340700 103.786300 0.000000 0.000000000 0.000000000 -0.990902633 0.134580726
21.300000 -4.500000 105.000000 0.000000 0.000000000 0.000000000 -0.999924702 0.012271519
21.400000 -6.487200 104.951200 0.000000 0.000000000 0.000000000 -0.999322392 0.036807011
21.500000 93.137800 -33.137800 0.000000 0.000000000 0.000000000 0.393992106 0.919113823
21.600000 94.508500 -31.698100 0.000000 0.000000000 0.000000000 0.416429450 0.909168033
21.700000 95.806900 -30.192900 0.000000 0.000000000 0.000000000 0.438616406 0.898674384
21.800000 97.029900 -28.625800 0.000000 0.000000000 0.000000000 0.460538706 0.887639623
21.900000 104.805000 68.469700 0.000000 0.000000000 0.000000000 0.749136464 0.662415699
22.000000 104.221800 72.401200 0.000000 0.000000000 0.000000000 0.780737366 0.624859316
22.100000 103.786300 74.340700 0.000000 0.000000000 0.000000000 0.795836921 0.605511020
22.200000 103.256100 76.256500 0.000000 0.000000000 0.000000000 0.810457101 0.585797991
22.300000 102.632500 78.144000 0.000000 0.000000000 0.000000000 0.824589383 0.565731694
22.400000 101.917100 79.998700 0.000000 0.000000000 0.000000000 0.838224678 0.545325031
22.500000 101.917100 79.998700 0.000000 0.000000000 0.000000000 0.838224678 0.545325031
22.600000 100.217800 83.591600 0.000000 0.000000000 0.000000000 0.863972888 0.503538328
22.700000 100.217800 83.591600 0.000000 0.000000000 0.000000000 0.863972888 0.503538328
22.800000 105.000000 3.385700 0.000000 0.000000000 0.000000000 0.707106666 0.707106897
22.900000 98.174500 87.000600 0.000000 0.000000000 0.000000000 0.887639703 0.460538552
23.000000 93.137800 93.137800 0.000000 0.000000000 0.000000000 0.928506047 0.371317279
23.100000 35.806900 -90.192900 0.000000 0.000000000 0.000000000 0.438616406 0.898674384
23.200000 93.137800 93.137800 0.000000 0.000000000 0.000000000 0.928506047 0.371317279
23.300000 87.000600 98.174500 0.000000 0.000000000 0.000000000 0.960430558 0.278519557
23.400000 85.321200 99.238000 0.000000 0.000000000 0.000000000 0.966976457 0.254865712
23.500000 85.321200 99.238000 0.000000 0.000000000 0.000000000 0.966976457 0.254865712
23.600000 83.591600 100.217800 0.000000 0.000000000 0.000000000 0.972939895 0.231058349
23.700000 76.256500 103.256100 0.000000 0.000000000 0.000000000 0.990902633 0.134580726
23.800000 78.144000 102.632500 0.000000 0.000000000 0.000000000 0.987301446 0.158857970
23.900000 76.256500 103.256100 0.000000 0.000000000 0.000000000 0.990902633 0.134580726
24.000000 76.256500 103.256100 0.000000 0.000000000 0.000000000 0.990902633 0.134580726
24.100000 78.144000 102.632500 0.000000 0.000000000 0.000000000 0.987301446 0.158857970
24.200000 76.256500 103.256100 0.000000 0.000000000 0.000000000 0.990902633 0.134580726
24.300000 68.469700 104.805000 0.000000 0.000000000 0.000000000 0.999322392 0.036807011
24.400000 66.487200 104.951200 0.000000 0.000000000 0.000000000 0.999924702 0.012271519
24.500000 64.500000 105.000000 0.000000 0.000000000 0.000000000 1.000000000 -0.000000173
24.600000 64.500000 105.000000 0.000000 0.000000000 0.000000000 1.000000000 -0.000000173
24.700000 70.442600 104.561600 0.000000 0.000000000 0.000000000 0.998118107 0.061320831
24.800000 64.500000 105.000000 0.000000 0.000000000 0.000000000 1.000000000 -0.000000173
24.900000 64.500000 105.000000 0.000000 0.000000000 0.000000000 1.000000000 -0.000000173
25.000000 62.528600 105.000000 0.000000 0.000000000 0.000000000 1.000000000 -0.000000173
25.100000 54.642900 105.000000 0.000000 0.000000000 0.000000000 1.000000000 -0.000000173
25.200000 54.642900 105.000000 0.000000 0.000000000 0.000000000 1.000000000 -0.000000173
25.300000 52.671400 105.000000 0.000000 0.000000000 0.000000000 1.000000000 -0.000000173
25.400000 52.671400 105.000000 0.000000 0.000000000 0.000000000 1.000000000 -0.000000173
25.500000 52.671400 105.000000 0.000000 0.000000000 0.000000000 1.000000000 -0.000000173
25.600000 50.700000 105.000000 0.000000 0.000000000 0.000000000 1.000000000 -0.000000173
25.700000 44.785700 105.000000 0.000000 0.000000000 0.000000000 1.000000000 -0.000000173
25.800000 42.814300 105.000000 0.000000 0.000000000 0.000000000 1.000000000 -0.000000173
25.900000 -104.221800 -72.401200 0.000000 0.000000000 0.000000000 -0.624859452 0.780737258
26.000000 42.814300 105.000000 0.000000 0.000000000 0.000000000 1.000000000 -0.000000173
26.100000 105.000000 44.785700 0.000000 0.000000000 0.000000000 0.707106666 0.707106897
26.200000 36.900000 105.000000 0.000000 0.000000000 0.000000000 1.000000000 -0.000000173
26.300000 34.928600 105.000000 0.000000 0.000000000 0.000000000 1.000000000 -0.000000173
26.400000 34.928600 105.000000 0.000000 0.000000000 0.000000000 1.000000000 -0.000000173
26.500000 32.957100 105.000000 0.000000 0.000000000 0.000000000 1.000000000 -0.000000173
26.600000 30.985700 105.000000 0.000000 0.000000000 0.000000000 1.000000000 -0.000000173
26.700000 29.014300 105.000000 0.000000 0.000000000 0.000000000 1.000000000 -0.000000173
26.800000 30.985700 105.000000 0.000000 0.000000000 0.000000000 1.000000000 -0.000000173
26.900000 25.071400 105.000000 0.000000 0.000000000 0.000000000 1.000000000 -0.000000173
27.000000 21.128600 105.000000 0.000000 0.000000000 0.000000000 1.000000000 -0.000000173
27.100000 19.157100 105.000000 0.000000 0.000000000 0.000000000 1.000000000 -0.000000173
27.200000 19.157100 105.000000 0.000000 0.000000000 0.000000000 1.000000000 -0.000000173
27.300000 15.214300 105.000000 0.000000 0.000000000 0.000000000 1.000000000 -0.000000173
27.400000 15.214300 105.000000 0.000000 0.000000000 0.000000000 1.000000000 -0.000000173
27.500000 13.242900 105.000000 0.000000 0.000000000 0.000000000 1.000000000 -0.000000173
27.600000 11.271400 105.000000 0.000000 0.000000000 0.000000000 1.000000000 -0.000000173
27.700000 9.300000 105.000000 0.000000 0.000000000 0.000000000 1.000000000 -0.000000173
27.800000 7.328600 105.000000 0.000000 0.000000000 0.000000000 1.000000000 -0.000000173
27.900000 5.357100 105.000000 0.000000 0.000000000 0.000000000 1.000000000 -0.000000173
28.000000 1.414300 105.000000 0.000000 0.000000000 0.000000000 1.000000000 -0.000000173
28.100000 1.414300 105.000000 0.000000 0.000000000 0.000000000 1.000000000 -0.000000173
28.200000 -2.528600 105.000000 0.000000 0.000000000 0.000000000 1.000000000 -0.000000173
28.300000 -2.528600 105.000000 0.000000 0.000000000 0.000000000 1.000000000 -0.000000173
28.400000 -6.487200 104.951200 0.000000 0.000000000 0.000000000 -0.999322392 0.036807011
28.500000 -8.469700 104.805000 0.000000 0.000000000 0.000000000 -0.998118107 0.061320831
28.600000 -10.442600 104.561600 0.000000 0.000000000 0.000000000 -0.996312621 0.085797215
28.700000 -12.401200 104.221800 0.000000 0.000000000 0.000000000 -0.993906947 0.110222416
28.800000 -12.401200 104.221800 0.000000 0.000000000 0.000000000 -0.993906947 0.110222416
28.900000 -16.256500 103.256100 0.000000 0.000000000 0.000000000 -0.987301446 0.158857970
29.000000 -18.144000 102.632500 0.000000 0.000000000 0.000000000 -0.983105463 0.183040018
29.100000 -18.144000 102.632500 0.000000 0.000000000 0.000000000 -0.983105463 0.183040018
29.200000 -19.998700 101.917100 0.000000 0.000000000 0.000000000 -0.978317383 0.207111317
29.300000 -21.816000 101.111600 0.000000 0.000000000 0.000000000 -0.972939895 0.231058349
29.400000 -25.321200 99.238000 0.000000 0.000000000 0.000000000 -0.960430558 0.278519557
29.500000 -25.321200 99.238000 0.000000 0.000000000 0.000000000 -0.960430558 0.278519557
29.600000 -27.000600 98.174500 0.000000 0.000000000 0.000000000 -0.953305989 0.302006111
29.700000 -28.625800 97.029900 0.000000 0.000000000 0.000000000 -0.945607333 0.325310270
29.800000 -31.698100 94.508500 0.000000 0.000000000 0.000000000 -0.928506047 0.371317279
29.900000 -31.698100 94.508500 0.000000 0.000000000 0.000000000 -0.928506047 0.371317279
30.000000 -33.137800 93.137800 0.000000 0.000000000 0.000000000 -0.919113892 0.393991947
30.100000 -34.508500 91.698100 0.000000 0.000000000 0.000000000 -0.909167897 0.416429748
30.200000 -35.806900 90.192900 0.000000 0.000000000 0.000000000 -0.898674460 0.438616251
30.300000 -37.029900 88.625800 0.000000 0.000000000 0.000000000 -0.887639703 0.460538552
30.400000 -39.238000 85.321200 0.000000 0.000000000 0.000000000 -0.863972888 0.503538328
30.500000 -39.238000 85.321200 0.000000 0.000000000 0.000000000 -0.863972888 0.503538328
30.600000 -41.111600 81.816000 0.000000 0.000000000 0.000000000 -0.838224678 0.545325031
30.700000 -41.917100 79.998700 0.000000 0.000000000 0.000000000 -0.824589383 0.565731694
30.800000 -41.917100 79.998700 0.000000 0.000000000 0.000000000 -0.824589383 0.565731694
30.900000 -42.632500 78.144000 0.000000 0.000000000 0.000000000 -0.810457101 0.585797991
31.000000 -43.256100 76.256500 0.000000 0.000000000 0.000000000 -0.795836921 0.605511020
31.100000 -43.786300 74.340700 0.000000 0.000000000 0.000000000 -0.780737366 0.624859316
31.200000 -44.221800 72.401200 0.000000 0.000000000 0.000000000 -0.765167209 0.643831610
31.300000 -44.561600 70.442600 0.000000 0.000000000 0.000000000 -0.749136464 0.662415699
31.400000 -44.805000 68.469700 0.000000 0.000000000 0.000000000 -0.732654134 0.680601146
31.500000 -44.951200 66.487200 0.000000 0.000000000 0.000000000 -0.715730819 0.698376256
31.600000 -45.000000 64.500000 0.000000 0.000000000 0.000000000 -0.724247182 0.689540440
31.700000 -45.093900 62.588700 0.000000 0.000000000 0.000000000 -0.757208689 0.653173026
31.800000 -45.839700 58.839400 0.000000 0.000000000 0.000000000 -0.817584806 0.575808201
31.900000 -45.839700 58.839400 0.000000 0.000000000 0.000000000 -0.817584806 0.575808201
32.000000 -46.484300 57.037700 0.000000 0.000000000 0.000000000 -0.844853620 0.534997533
32.100000 -47.302500 55.307800 0.000000 0.000000000 0.000000000 -0.870087099 0.492898003
32.200000 -48.286300 53.666400 0.000000 0.000000000 0.000000000 -0.893224226 0.449611479
32.300000 -49.426300 52.129300 0.000000 0.000000000 0.000000000 -0.914209734 0.405241362
32.400000 -50.711400 50.711400 0.000000 0.000000000 0.000000000 -0.932992821 0.359894978
32.500000 -52.129300 49.426300 0.000000 0.000000000 0.000000000 -0.949528236 0.313681572
32.600000 -53.666400 48.286300 0.000000 0.000000000 0.000000000 -0.963776010 0.266712958
32.700000 -55.307800 47.302500 0.000000 0.000000000 0.000000000 -0.975702110 0.219101331
32.800000 -57.037700 46.484300 0.000000 0.000000000 0.000000000 -0.985277646 0.170961868
32.900000 -58.839400 45.839700 0.000000 0.000000000 0.000000000 -0.992479551 0.122410540
33.000000 -60.695700 45.374700 0.000000 0.000000000 0.000000000 -0.997290438 0.073564812
33.100000 -62.588700 45.093900 0.000000 0.000000000 0.000000000 -0.999698815 0.024541363
33.200000 -64.500000 45.000000 0.000000 0.000000000 0.000000000 -0.999924702 0.012271519
33.300000 -66.487200 44.951200 0.000000 0.000000000 0.000000000 -0.999322392 0.036807011
33.400000 -68.469700 44.805000 0.000000 0.000000000 0.000000000 -0.998118107 0.061320831
33.500000 -70.442600 44.561600 0.000000 0.000000000 0.000000000 -0.996312621 0.085797215
33.600000 -72.401200 44.221800 0.000000 0.000000000 0.000000000 -0.993906947 0.110222416
33.700000 -74.340700 43.786300 0.000000 0.000000000 0.000000000 -0.990902633 0.134580726
33.800000 -76.256500 43.256100 0.000000 0.000000000 0.000000000 -0.987301446 0.158857970
