2.500000 274.495300 -317.075300 0.000000 0.000000000 0.000000000 0.998407583 0.056411864
2.600000 357.689700 -534.280700 0.000000 0.000000000 0.000000000 0.933214699 0.359319253
2.700000 524.623000 -629.177600 0.000000 0.000000000 0.000000000 0.828624449 0.559804897
2.800000 432.856900 -631.779600 0.000000 0.000000000 0.000000000 -0.982213578 0.187767111
2.900000 118.327700 -604.304300 0.000000 0.000000000 0.000000000 -0.443249499 0.896398283
3.000000 336.982600 -387.602600 0.000000 0.000000000 0.000000000 0.495401522 0.868664108
3.100000 337.731300 -386.337000 0.000000 0.000000000 0.000000000 0.495401522 0.868664108
3.200000 462.053400 -610.905100 0.000000 0.000000000 0.000000000 -0.974002548 0.226537053
3.300000 427.359000 -633.444800 0.000000 0.000000000 0.000000000 0.996755846 0.080484679
3.400000 459.540900 -612.140700 0.000000 0.000000000 0.000000000 -0.974002548 0.226537053
3.500000 458.284700 -612.758500 0.000000 0.000000000 0.000000000 -0.974002548 0.226537053
3.600000 457.028400 -613.376300 0.000000 0.000000000 0.000000000 -0.974002548 0.226537053
3.700000 324.654800 -417.810000 0.000000 0.000000000 0.000000000 0.579913492 0.814678060
3.800000 421.685300 -632.522500 0.000000 0.000000000 0.000000000 0.996755846 0.080484679
3.900000 325.144500 -416.396600 0.000000 0.000000000 0.000000000 0.579913492 0.814678060
4.000000 325.144500 -416.396600 0.000000 0.000000000 0.000000000 0.579913492 0.814678060
4.100000 326.124000 -413.569900 0.000000 0.000000000 0.000000000 0.579913492 0.814678060
4.200000 326.124000 -413.569900 0.000000 0.000000000 0.000000000 0.579913492 0.814678060
4.300000 326.124000 -413.569900 0.000000 0.000000000 0.000000000 0.579913492 0.814678060
4.400000 326.613700 -412.156500 0.000000 0.000000000 0.000000000 0.579913492 0.814678060
4.500000 334.736500 -391.399400 0.000000 0.000000000 0.000000000 0.495401522 0.868664108
4.600000 328.082900 -407.916400 0.000000 0.000000000 0.000000000 0.579913492 0.814678060
4.700000 443.087500 -624.252300 0.000000 0.000000000 0.000000000 -0.899384713 0.437158024
4.800000 328.572600 -406.503100 0.000000 0.000000000 0.000000000 0.579913492 0.814678060
4.900000 441.371800 -626.436100 0.000000 0.000000000 0.000000000 -0.939975158 0.341242878
5.000000 440.513900 -627.528000 0.000000 0.000000000 0.000000000 -0.960508784 0.278249665
5.100000 440.513900 -627.528000 0.000000 0.000000000 0.000000000 -0.960508784 0.278249665
5.200000 439.656100 -628.619900 0.000000 0.000000000 0.000000000 -0.976437421 0.215800748
5.300000 438.296300 -629.251800 0.000000 0.000000000 0.000000000 -0.976437421 0.215800748
5.400000 436.936400 -629.883800 0.000000 0.000000000 0.000000000 -0.976437421 0.215800748
5.500000 434.216800 -631.147600 0.000000 0.000000000 0.000000000 -0.976437421 0.215800748
5.600000 432.856900 -631.779600 0.000000 0.000000000 0.000000000 -0.982213578 0.187767111
5.700000 432.856900 -631.779600 0.000000 0.000000000 0.000000000 -0.982213578 0.187767111
5.800000 431.497100 -632.411500 0.000000 0.000000000 0.000000000 -0.995094273 0.098931232
5.900000 430.137300 -633.043400 0.000000 0.000000000 0.000000000 -0.999973367 0.007298262
6.000000 428.777400 -633.675400 0.000000 0.000000000 0.000000000 0.996755846 0.080484679
6.100000 427.359000 -633.444800 0.000000 0.000000000 0.000000000 0.996755846 0.080484679
6.200000 425.940600 -633.214200 0.000000 0.000000000 0.000000000 0.996755846 0.080484679
6.300000 423.103700 -632.753100 0.000000 0.000000000 0.000000000 0.996755846 0.080484679
6.400000 421.685300 -632.522500 0.000000 0.000000000 0.000000000 0.996755846 0.080484679
6.500000 421.685300 -632.522500 0.000000 0.000000000 0.000000000 0.996755846 0.080484679
6.600000 418.848500 -632.061400 0.000000 0.000000000 0.000000000 0.996755846 0.080484679
6.700000 418.848500 -632.061400 0.000000 0.000000000 0.000000000 0.996755846 0.080484679
6.800000 416.011600 -631.600300 0.000000 0.000000000 0.000000000 0.978689933 0.205343650
6.900000 414.593200 -631.369700 0.000000 0.000000000 0.000000000 0.956842742 0.290606208
7.000000 414.593200 -631.369700 0.000000 0.000000000 0.000000000 0.956842742 0.290606208
7.100000 412.143100 -630.162200 0.000000 0.000000000 0.000000000 0.929011104 0.370051845
7.200000 412.143100 -630.162200 0.000000 0.000000000 0.000000000 0.929011104 0.370051845
7.300000 411.111300 -629.185200 0.000000 0.000000000 0.000000000 0.929011104 0.370051845
7.400000 410.079600 -628.208300 0.000000 0.000000000 0.000000000 0.929011104 0.370051845
7.500000 409.047900 -627.231300 0.000000 0.000000000 0.000000000 0.911481111 0.411341931
7.600000 408.016100 -626.254400 0.000000 0.000000000 0.000000000 0.870195515 0.492706572
7.700000 406.984400 -625.277500 0.000000 0.000000000 0.000000000 0.820808206 0.571203895
7.800000 405.952700 -624.300500 0.000000 0.000000000 0.000000000 0.767310129 0.641276202
7.900000 405.457200 -621.553900 0.000000 0.000000000 0.000000000 0.767310129 0.641276202
8.000000 405.457200 -621.553900 0.000000 0.000000000 0.000000000 0.767310129 0.641276202
8.100000 404.961700 -618.807300 0.000000 0.000000000 0.000000000 0.767310129 0.641276202
8.200000 404.714000 -617.433900 0.000000 0.000000000 0.000000000 0.767310129 0.641276202
8.300000 404.714000 -617.433900 0.000000 0.000000000 0.000000000 0.767310129 0.641276202
8.400000 404.466200 -616.060600 0.000000 0.000000000 0.000000000 0.767310129 0.641276202
8.500000 404.218500 -614.687300 0.000000 0.000000000 0.000000000 0.760025922 0.649892759
8.600000 403.723000 -611.940700 0.000000 0.000000000 0.000000000 0.734232174 0.678898457
8.700000 403.723000 -611.940700 0.000000 0.000000000 0.000000000 0.734232174 0.678898457
8.800000 403.475300 -610.567400 0.000000 0.000000000 0.000000000 0.720945690 0.692991568
8.900000 403.416500 -609.082400 0.000000 0.000000000 0.000000000 0.720945690 0.692991568
9.000000 403.299100 -606.112500 0.000000 0.000000000 0.000000000 0.720945690 0.692991568
9.100000 403.299100 -606.112500 0.000000 0.000000000 0.000000000 0.720945690 0.692991568
9.200000 403.240300 -604.627600 0.000000 0.000000000 0.000000000 0.720945690 0.692991568
9.300000 403.181600 -603.142700 0.000000 0.000000000 0.000000000 0.720945690 0.692991568
9.400000 403.122900 -601.657700 0.000000 0.000000000 0.000000000 0.720945690 0.692991568
9.500000 403.064100 -600.172800 0.000000 0.000000000 0.000000000 0.720945690 0.692991568
9.600000 403.005400 -598.687900 0.000000 0.000000000 0.000000000 0.720945690 0.692991568
9.700000 402.946600 -597.202900 0.000000 0.000000000 0.000000000 0.736767127 0.676146582
9.800000 402.887900 -595.718000 0.000000 0.000000000 0.000000000 0.779157422 0.626828295
9.900000 402.829200 -594.233000 0.000000 0.000000000 0.000000000 0.818661860 0.574275855
10.000000 402.770400 -592.748100 0.000000 0.000000000 0.000000000 0.853842199 0.520531939
10.100000 402.120500 -591.486900 0.000000 0.000000000 0.000000000 0.853842199 0.520531939
10.200000 401.470600 -590.225800 0.000000 0.000000000 0.000000000 0.853842199 0.520531939
10.300000 400.820600 -588.964600 0.000000 0.000000000 0.000000000 0.853842199 0.520531939
10.400000 400.170700 -587.703400 0.000000 0.000000000 0.000000000 0.853842199 0.520531939
10.500000 399.520700 -586.442300 0.000000 0.000000000 0.000000000 0.853842199 0.520531939
10.600000 398.870800 -585.181100 0.000000 0.000000000 0.000000000 0.863076485 0.505073244
10.700000 398.220900 -583.919900 0.000000 0.000000000 0.000000000 0.880045498 0.474889378
10.800000 397.570900 -582.658800 0.000000 0.000000000 0.000000000 0.895994188 0.444065779
10.900000 396.921000 -581.397600 0.000000 0.000000000 0.000000000 0.910759661 0.412936847
11.000000 395.990100 -580.335000 0.000000 0.000000000 0.000000000 0.910759661 0.412936847
11.100000 395.059100 -579.272400 0.000000 0.000000000 0.000000000 0.910759661 0.412936847
11.200000 394.128200 -578.209800 0.000000 0.000000000 0.000000000 0.910759661 0.412936847
11.300000 393.197200 -577.147200 0.000000 0.000000000 0.000000000 0.910759661 0.412936847
11.400000 392.266300 -576.084500 0.000000 0.000000000 0.000000000 0.910759661 0.412936847
11.500000 391.335400 -575.021900 0.000000 0.000000000 0.000000000 0.910759661 0.412936847
11.600000 390.404400 -573.959300 0.000000 0.000000000 0.000000000 0.910759661 0.412936847
11.700000 389.473500 -572.896700 0.000000 0.000000000 0.000000000 0.910759661 0.412936847
11.800000 388.542600 -571.834100 0.000000 0.000000000 0.000000000 0.913233708 0.407436123
11.900000 387.611600 -570.771500 0.000000 0.000000000 0.000000000 0.917737038 0.397188530
12.000000 386.680700 -569.708900 0.000000 0.000000000 0.000000000 0.922126543 0.386888406
12.100000 385.749800 -568.646300 0.000000 0.000000000 0.000000000 0.926397249 0.376547656
12.200000 384.747500 -567.670200 0.000000 0.000000000 0.000000000 0.926397249 0.376547656
12.300000 383.745200 -566.694200 0.000000 0.000000000 0.000000000 0.926397249 0.376547656
12.400000 382.742900 -565.718100 0.000000 0.000000000 0.000000000 0.926397249 0.376547656
12.500000 380.738300 -563.766000 0.000000 0.000000000 0.000000000 0.926397249 0.376547656
12.600000 380.738300 -563.766000 0.000000 0.000000000 0.000000000 0.926397249 0.376547656
12.700000 378.733700 -561.813900 0.000000 0.000000000 0.000000000 0.926397249 0.376547656
12.800000 378.733700 -561.813900 0.000000 0.000000000 0.000000000 0.926397249 0.376547656
12.900000 377.731400 -560.837900 0.000000 0.000000000 0.000000000 0.926397249 0.376547656
13.000000 375.726900 -558.885800 0.000000 0.000000000 0.000000000 0.926397249 0.376547656
13.100000 374.724600 -557.909800 0.000000 0.000000000 0.000000000 0.916126515 0.400889272
13.200000 374.724600 -557.909800 0.000000 0.000000000 0.000000000 0.916126515 0.400889272
13.300000 373.722300 -556.933700 0.000000 0.000000000 0.000000000 0.896406781 0.443232312
13.400000 372.720000 -555.957700 0.000000 0.000000000 0.000000000 0.874646446 0.484761379
13.500000 371.045000 -553.644500 0.000000 0.000000000 0.000000000 0.851298930 0.524680982
13.600000 371.045000 -553.644500 0.000000 0.000000000 0.000000000 0.851298930 0.524680982
13.700000 370.372300 -552.307400 0.000000 0.000000000 0.000000000 0.851298930 0.524680982
13.800000 368.354300 -548.296200 0.000000 0.000000000 0.000000000 0.851298930 0.524680982
13.900000 367.681600 -546.959100 0.000000 0.000000000 0.000000000 0.851298930 0.524680982
14.000000 367.009000 -545.622000 0.000000 0.000000000 0.000000000 0.851298930 0.524680982
14.100000 367.009000 -545.622000 0.000000 0.000000000 0.000000000 0.851298930 0.524680982
14.200000 366.336300 -544.284900 0.000000 0.000000000 0.000000000 0.860875582 0.508815519
14.300000 365.663600 -542.947800 0.000000 0.000000000 0.000000000 0.887740770 0.460343704
14.400000 364.990900 -541.610700 0.000000 0.000000000 0.000000000 0.912066143 0.410043109
14.500000 364.318300 -540.273600 0.000000 0.000000000 0.000000000 0.933214699 0.359319253
14.600000 363.213500 -539.274800 0.000000 0.000000000 0.000000000 0.933214699 0.359319253
14.700000 362.108700 -538.276000 0.000000 0.000000000 0.000000000 0.933214699 0.359319253
14.800000 361.004000 -537.277200 0.000000 0.000000000 0.000000000 0.933214699 0.359319253
14.900000 359.899200 -536.278400 0.000000 0.000000000 0.000000000 0.933214699 0.359319253
15.000000 358.794500 -535.279500 0.000000 0.000000000 0.000000000 0.933214699 0.359319253
15.100000 357.689700 -534.280700 0.000000 0.000000000 0.000000000 0.933214699 0.359319253
15.200000 356.585000 -533.281900 0.000000 0.000000000 0.000000000 0.933214699 0.359319253
15.300000 355.480200 -532.283100 0.000000 0.000000000 0.000000000 0.933214699 0.359319253
15.400000 354.375500 -531.284300 0.000000 0.000000000 0.000000000 0.940342982 0.340227977
15.500000 353.270700 -530.285500 0.000000 0.000000000 0.000000000 0.958548348 0.284929930
15.600000 352.165900 -529.286700 0.000000 0.000000000 0.000000000 0.973622417 0.228165268
15.700000 351.061200 -528.287900 0.000000 0.000000000 0.000000000 0.985153783 0.171674179
15.800000 351.061200 -528.287900 0.000000 0.000000000 0.000000000 0.985153783 0.171674179
15.900000 349.700500 -527.798800 0.000000 0.000000000 0.000000000 0.985153783 0.171674179
16.000000 348.339800 -527.309700 0.000000 0.000000000 0.000000000 0.985153783 0.171674179
16.100000 346.979200 -526.820600 0.000000 0.000000000 0.000000000 0.985153783 0.171674179
16.200000 345.618500 -526.331600 0.000000 0.000000000 0.000000000 0.985153783 0.171674179
16.300000 344.257800 -525.842500 0.000000 0.000000000 0.000000000 0.985153783 0.171674179
16.400000 344.257800 -525.842500 0.000000 0.000000000 0.000000000 0.985153783 0.171674179
16.500000 342.897200 -525.353400 0.000000 0.000000000 0.000000000 0.985153783 0.171674179
16.600000 337.454500 -523.397100 0.000000 0.000000000 0.000000000 0.971606709 0.236601780
16.700000 340.175800 -524.375300 0.000000 0.000000000 0.000000000 0.985153783 0.171674179
16.800000 338.815200 -523.886200 0.000000 0.000000000 0.000000000 0.981398637 0.191981029
16.900000 337.454500 -523.397100 0.000000 0.000000000 0.000000000 0.971606709 0.236601780
17.000000 336.093800 -522.908000 0.000000 0.000000000 0.000000000 0.959728590 0.280928878
17.100000 334.733200 -522.419000 0.000000 0.000000000 0.000000000 0.946009829 0.324137940
17.200000 333.624300 -521.558000 0.000000 0.000000000 0.000000000 0.946009829 0.324137940
17.300000 332.515400 -520.697000 0.000000 0.000000000 0.000000000 0.946009829 0.324137940
17.400000 331.406500 -519.836100 0.000000 0.000000000 0.000000000 0.946009829 0.324137940
17.500000 330.297700 -518.975100 0.000000 0.000000000 0.000000000 0.946009829 0.324137940
17.600000 329.188800 -518.114200 0.000000 0.000000000 0.000000000 0.949722693 0.313092330
17.700000 328.079900 -517.253200 0.000000 0.000000000 0.000000000 0.956032186 0.293261758
17.800000 326.971000 -516.392200 0.000000 0.000000000 0.000000000 0.961931895 0.273289276
17.900000 325.862200 -515.531300 0.000000 0.000000000 0.000000000 0.967400228 0.253252442
18.000000 324.695600 -514.875600 0.000000 0.000000000 0.000000000 0.967400228 0.253252442
18.100000 323.529000 -514.219800 0.000000 0.000000000 0.000000000 0.967400228 0.253252442
18.200000 322.362400 -513.564100 0.000000 0.000000000 0.000000000 0.967400228 0.253252442
18.300000 321.195800 -512.908400 0.000000 0.000000000 0.000000000 0.967400228 0.253252442
18.400000 318.862700 -511.596900 0.000000 0.000000000 0.000000000 0.934103118 0.357003311
18.500000 316.529500 -510.285500 0.000000 0.000000000 0.000000000 0.881876254 0.471480936
18.600000 315.789100 -509.176800 0.000000 0.000000000 0.000000000 0.881876254 0.471480936
18.700000 315.048600 -508.068200 0.000000 0.000000000 0.000000000 0.881876254 0.471480936
18.800000 314.308100 -506.959600 0.000000 0.000000000 0.000000000 0.881876254 0.471480936
18.900000 313.567700 -505.850900 0.000000 0.000000000 0.000000000 0.881876254 0.471480936
19.000000 312.827200 -504.742300 0.000000 0.000000000 0.000000000 0.852030293 0.523492484
19.100000 312.086800 -503.633700 0.000000 0.000000000 0.000000000 0.805058749 0.593195086
19.200000 311.346300 -502.525000 0.000000 0.000000000 0.000000000 0.752004284 0.659158218
19.300000 311.346300 -502.525000 0.000000 0.000000000 0.000000000 0.752004284 0.659158218
19.400000 310.605900 -501.416400 0.000000 0.000000000 0.000000000 0.696463969 0.717591764
19.500000 310.647400 -500.025400 0.000000 0.000000000 0.000000000 0.696463969 0.717591764
19.600000 310.689000 -498.634400 0.000000 0.000000000 0.000000000 0.696463969 0.717591764
19.700000 310.730600 -497.243500 0.000000 0.000000000 0.000000000 0.696463969 0.717591764
19.800000 310.772200 -495.852500 0.000000 0.000000000 0.000000000 0.696463969 0.717591764
19.900000 310.813700 -494.461500 0.000000 0.000000000 0.000000000 0.696463969 0.717591764
20.000000 310.855300 -493.070500 0.000000 0.000000000 0.000000000 0.696463969 0.717591764
20.100000 310.896900 -491.679500 0.000000 0.000000000 0.000000000 0.696463969 0.717591764
20.200000 310.980000 -488.897600 0.000000 0.000000000 0.000000000 0.608978016 0.793187100
20.300000 310.980000 -488.897600 0.000000 0.000000000 0.000000000 0.608978016 0.793187100
20.400000 311.021600 -487.506600 0.000000 0.000000000 0.000000000 0.548446281 0.836185791
20.500000 311.063200 -486.115600 0.000000 0.000000000 0.000000000 0.487087682 0.873353073
20.600000 311.744500 -485.012500 0.000000 0.000000000 0.000000000 0.487087682 0.873353073
20.700000 312.425800 -483.909400 0.000000 0.000000000 0.000000000 0.487087682 0.873353073
20.800000 313.107100 -482.806300 0.000000 0.000000000 0.000000000 0.487087682 0.873353073
20.900000 313.788500 -481.703300 0.000000 0.000000000 0.000000000 0.534089998 0.845427628
21.000000 315.151100 -479.497100 0.000000 0.000000000 0.000000000 0.640788579 0.767717394
21.100000 315.151100 -479.497100 0.000000 0.000000000 0.000000000 0.640788579 0.767717394
21.200000 315.832400 -478.394000 0.000000 0.000000000 0.000000000 0.688614415 0.725127704
21.300000 315.986900 -475.405000 0.000000 0.000000000 0.000000000 0.688776464 0.724973781
21.400000 315.986900 -475.405000 0.000000 0.000000000 0.000000000 0.688776464 0.724973781
21.500000 316.064200 -473.910500 0.000000 0.000000000 0.000000000 0.689000448 0.724760914
21.600000 316.141400 -472.415900 0.000000 0.000000000 0.000000000 0.688915284 0.724841867
21.700000 316.187800 -471.500900 0.000000 0.000000000 0.000000000 0.688338817 0.725389325
21.800000 316.234200 -470.585800 0.000000 0.000000000 0.000000000 0.687276473 0.726395932
21.900000 316.305500 -469.143000 0.000000 0.000000000 0.000000000 0.684517045 0.728996855
22.000000 316.365500 -467.958600 0.000000 0.000000000 0.000000000 0.681873231 0.731470366
22.100000 316.424300 -466.903700 0.000000 0.000000000 0.000000000 0.679632110 0.733553130
22.200000 316.491900 -465.849400 0.000000 0.000000000 0.000000000 0.677983204 0.735077394
22.300000 316.578600 -464.666800 0.000000 0.000000000 0.000000000 0.676857375 0.736114186
22.400000 316.694300 -463.227100 0.000000 0.000000000 0.000000000 0.676235853 0.736685191
22.500000 316.771700 -462.314100 0.000000 0.000000000 0.000000000 0.676140447 0.736772757
22.600000 316.849100 -461.401200 0.000000 0.000000000 0.000000000 0.676045029 0.736860311
22.700000 316.976400 -459.925200 0.000000 0.000000000 0.000000000 0.676045029 0.736860311
22.800000 317.103700 -458.449200 0.000000 0.000000000 0.000000000 0.676045029 0.736860311
22.900000 317.231000 -456.973200 0.000000 0.000000000 0.000000000 0.676045029 0.736860311
23.000000 317.358300 -455.497100 0.000000 0.000000000 0.000000000 0.676045029 0.736860311
23.100000 317.485600 -454.021100 0.000000 0.000000000 0.000000000 0.676045029 0.736860311
23.200000 317.612900 -452.545100 0.000000 0.000000000 0.000000000 0.676045029 0.736860311
23.300000 317.867500 -449.593100 0.000000 0.000000000 0.000000000 0.676045029 0.736860311
23.400000 317.994800 -448.117100 0.000000 0.000000000 0.000000000 0.676045029 0.736860311
23.500000 317.994800 -448.117100 0.000000 0.000000000 0.000000000 0.676045029 0.736860311
23.600000 318.122100 -446.641100 0.000000 0.000000000 0.000000000 0.676045029 0.736860311
23.700000 318.376700 -443.689000 0.000000 0.000000000 0.000000000 0.676045029 0.736860311
23.800000 318.376700 -443.689000 0.000000 0.000000000 0.000000000 0.676045029 0.736860311
23.900000 318.504000 -442.213000 0.000000 0.000000000 0.000000000 0.676045029 0.736860311
24.000000 318.631300 -440.737000 0.000000 0.000000000 0.000000000 0.676045029 0.736860311
24.100000 318.758600 -439.261000 0.000000 0.000000000 0.000000000 0.676045029 0.736860311
24.200000 319.013200 -436.309000 0.000000 0.000000000 0.000000000 0.638093029 0.769959275
24.300000 319.013200 -436.309000 0.000000 0.000000000 0.000000000 0.638093029 0.769959275
24.400000 319.140500 -434.833000 0.000000 0.000000000 0.000000000 0.609305550 0.792935525
24.500000 319.267800 -433.356900 0.000000 0.000000000 0.000000000 0.579913492 0.814678060
24.600000 319.757500 -431.943600 0.000000 0.000000000 0.000000000 0.579913492 0.814678060
24.700000 320.247300 -430.530200 0.000000 0.000000000 0.000000000 0.579913492 0.814678060
24.800000 320.737000 -429.116900 0.000000 0.000000000 0.000000000 0.579913492 0.814678060
24.900000 321.226700 -427.703500 0.000000 0.000000000 0.000000000 0.579913492 0.814678060
25.000000 321.716400 -426.290100 0.000000 0.000000000 0.000000000 0.579913492 0.814678060
25.100000 322.206200 -424.876800 0.000000 0.000000000 0.000000000 0.579913492 0.814678060
25.200000 322.695900 -423.463400 0.000000 0.000000000 0.000000000 0.579913492 0.814678060
25.300000 323.185600 -422.050000 0.000000 0.000000000 0.000000000 0.579913492 0.814678060
25.400000 323.675300 -420.636700 0.000000 0.000000000 0.000000000 0.579913492 0.814678060
25.500000 324.165100 -419.223300 0.000000 0.000000000 0.000000000 0.579913492 0.814678060
25.600000 324.654800 -417.810000 0.000000 0.000000000 0.000000000 0.579913492 0.814678060
25.700000 325.634200 -414.983200 0.000000 0.000000000 0.000000000 0.579913492 0.814678060
25.800000 325.634200 -414.983200 0.000000 0.000000000 0.000000000 0.579913492 0.814678060
25.900000 326.124000 -413.569900 0.000000 0.000000000 0.000000000 0.579913492 0.814678060
26.000000 327.103400 -410.743200 0.000000 0.000000000 0.000000000 0.579913492 0.814678060
26.100000 327.103400 -410.743200 0.000000 0.000000000 0.000000000 0.579913492 0.814678060
26.200000 328.082900 -407.916400 0.000000 0.000000000 0.000000000 0.579913492 0.814678060
26.300000 328.572600 -406.503100 0.000000 0.000000000 0.000000000 0.579913492 0.814678060
26.400000 328.572600 -406.503100 0.000000 0.000000000 0.000000000 0.579913492 0.814678060
26.500000 329.062300 -405.089700 0.000000 0.000000000 0.000000000 0.579913492 0.814678060
26.600000 330.041800 -402.263000 0.000000 0.000000000 0.000000000 0.579913492 0.814678060
26.700000 330.041800 -402.263000 0.000000 0.000000000 0.000000000 0.579913492 0.814678060
26.800000 330.531500 -400.849600 0.000000 0.000000000 0.000000000 0.579913492 0.814678060
26.900000 331.021200 -399.436300 0.000000 0.000000000 0.000000000 0.571544213 0.820571272
27.000000 331.511000 -398.022900 0.000000 0.000000000 0.000000000 0.546648052 0.837362470
27.100000 332.000700 -396.609500 0.000000 0.000000000 0.000000000 0.521197498 0.853436095
27.200000 332.490400 -395.196200 0.000000 0.000000000 0.000000000 0.495401522 0.868664108
27.300000 333.239100 -393.930600 0.000000 0.000000000 0.000000000 0.495401522 0.868664108
27.400000 333.987800 -392.665000 0.000000 0.000000000 0.000000000 0.495401522 0.868664108
27.500000 334.736500 -391.399400 0.000000 0.000000000 0.000000000 0.495401522 0.868664108
27.600000 335.485200 -390.133800 0.000000 0.000000000 0.000000000 0.495401522 0.868664108
27.700000 336.233900 -388.868200 0.000000 0.000000000 0.000000000 0.495401522 0.868664108
27.800000 336.982600 -387.602600 0.000000 0.000000000 0.000000000 0.495401522 0.868664108
27.900000 337.731300 -386.337000 0.000000 0.000000000 0.000000000 0.495401522 0.868664108
28.000000 338.480000 -385.071400 0.000000 0.000000000 0.000000000 0.495401522 0.868664108
28.100000 339.228700 -383.805800 0.000000 0.000000000 0.000000000 0.495401522 0.868664108
28.200000 339.977400 -382.540200 0.000000 0.000000000 0.000000000 0.495401522 0.868664108
28.300000 340.726000 -381.274700 0.000000 0.000000000 0.000000000 0.495401522 0.868664108
28.400000 341.474700 -380.009100 0.000000 0.000000000 0.000000000 0.495401522 0.868664108
28.500000 342.223400 -378.743500 0.000000 0.000000000 0.000000000 0.495401522 0.868664108
28.600000 342.972100 -377.477900 0.000000 0.000000000 0.000000000 0.495401522 0.868664108
28.700000 343.720800 -376.212300 0.000000 0.000000000 0.000000000 0.495401522 0.868664108
28.800000 344.469500 -374.946700 0.000000 0.000000000 0.000000000 0.495401522 0.868664108
28.900000 345.218200 -373.681100 0.000000 0.000000000 0.000000000 0.495401522 0.868664108
29.000000 345.966900 -372.415500 0.000000 0.000000000 0.000000000 0.495401522 0.868664108
29.100000 346.715600 -371.149900 0.000000 0.000000000 0.000000000 0.495401522 0.868664108
29.200000 347.464300 -369.884300 0.000000 0.000000000 0.000000000 0.495401522 0.868664108
29.300000 348.213000 -368.618700 0.000000 0.000000000 0.000000000 0.495401522 0.868664108
29.400000 348.961700 -367.353100 0.000000 0.000000000 0.000000000 0.495401522 0.868664108
29.500000 349.710400 -366.087600 0.000000 0.000000000 0.000000000 0.495401522 0.868664108
29.600000 350.459100 -364.822000 0.000000 0.000000000 0.000000000 0.495401522 0.868664108
29.700000 351.207800 -363.556400 0.000000 0.000000000 0.000000000 0.495401522 0.868664108
29.800000 351.956500 -362.290800 0.000000 0.000000000 0.000000000 0.495401522 0.868664108
29.900000 352.705200 -361.025200 0.000000 0.000000000 0.000000000 0.495401522 0.868664108
30.000000 353.453900 -359.759600 0.000000 0.000000000 0.000000000 0.495401522 0.868664108
30.100000 354.202500 -358.494000 0.000000 0.000000000 0.000000000 0.495401522 0.868664108
30.200000 354.951200 -357.228400 0.000000 0.000000000 0.000000000 0.495401522 0.868664108
30.300000 355.699900 -355.962800 0.000000 0.000000000 0.000000000 0.495401522 0.868664108
30.400000 356.448600 -354.697200 0.000000 0.000000000 0.000000000 0.495401522 0.868664108
30.500000 357.197300 -353.431600 0.000000 0.000000000 0.000000000 0.495401522 0.868664108
30.600000 357.946000 -352.166000 0.000000 0.000000000 0.000000000 0.525836709 0.850585537
30.700000 358.694700 -350.900500 0.000000 0.000000000 0.000000000 0.602811392 0.797883717
30.800000 359.443400 -349.634900 0.000000 0.000000000 0.000000000 0.676030292 0.736873832
30.900000 360.192100 -348.369300 0.000000 0.000000000 0.000000000 0.740030698 0.672573093
31.000000 360.054400 -346.931200 0.000000 0.000000000 0.000000000 0.740030698 0.672573093
31.100000 359.916800 -345.493100 0.000000 0.000000000 0.000000000 0.740030698 0.672573093
31.200000 359.779100 -344.055100 0.000000 0.000000000 0.000000000 0.740030698 0.672573093
31.300000 359.641500 -342.617000 0.000000 0.000000000 0.000000000 0.740030698 0.672573093
31.400000 359.503800 -341.178900 0.000000 0.000000000 0.000000000 0.740030698 0.672573093
31.500000 359.366100 -339.740800 0.000000 0.000000000 0.000000000 0.740030698 0.672573093
31.600000 359.228500 -338.302800 0.000000 0.000000000 0.000000000 0.740030698 0.672573093
31.700000 359.090800 -336.864700 0.000000 0.000000000 0.000000000 0.740030698 0.672573093
31.800000 358.953100 -335.426600 0.000000 0.000000000 0.000000000 0.740030698 0.672573093
31.900000 358.815500 -333.988500 0.000000 0.000000000 0.000000000 0.740030698 0.672573093
32.000000 358.677800 -332.550500 0.000000 0.000000000 0.000000000 0.740030698 0.672573093
32.100000 358.540200 -331.112400 0.000000 0.000000000 0.000000000 0.740030698 0.672573093
32.200000 358.402500 -329.674300 0.000000 0.000000000 0.000000000 0.740030698 0.672573093
32.300000 358.264800 -328.236200 0.000000 0.000000000 0.000000000 0.740030698 0.672573093
32.400000 358.127200 -326.798200 0.000000 0.000000000 0.000000000 0.740030698 0.672573093
32.500000 357.989500 -325.360100 0.000000 0.000000000 0.000000000 0.740030698 0.672573093
32.600000 357.851900 -323.922000 0.000000 0.000000000 0.000000000 0.740030698 0.672573093
32.700000 357.714200 -322.484000 0.000000 0.000000000 0.000000000 0.740030698 0.672573093
32.800000 357.576500 -321.045900 0.000000 0.000000000 0.000000000 0.765222254 0.643766186
32.900000 357.438900 -319.607800 0.000000 0.000000000 0.000000000 0.818326631 0.574753447
33.000000 357.301200 -318.169700 0.000000 0.000000000 0.000000000 0.865959121 0.500114788
33.100000 357.163600 -316.731700 0.000000 0.000000000 0.000000000 0.905167873 0.425054258
33.200000 356.217000 -315.591200 0.000000 0.000000000 0.000000000 0.905167873 0.425054258
33.300000 355.270400 -314.450700 0.000000 0.000000000 0.000000000 0.905167873 0.425054258
33.400000 354.323900 -313.310300 0.000000 0.000000000 0.000000000 0.905167873 0.425054258
33.500000 353.377300 -312.169800 0.000000 0.000000000 0.000000000 0.905167873 0.425054258
33.600000 352.430700 -311.029300 0.000000 0.000000000 0.000000000 0.905167873 0.425054258
33.700000 88.168800 -432.233800 0.000000 0.000000000 0.000000000 -0.792897242 0.609355367
33.800000 87.787200 -433.666800 0.000000 0.000000000 0.000000000 -0.792897242 0.609355367
33.900000 87.405500 -435.099800 0.000000 0.000000000 0.000000000 -0.792897242 0.609355367
34.000000 386.532800 -673.554900 0.000000 0.000000000 0.000000000 -0.231448161 0.972847238
34.100000 387.852900 -674.220800 0.000000 0.000000000 0.000000000 -0.231448161 0.972847238
34.200000 389.173100 -674.886600 0.000000 0.000000000 0.000000000 -0.231448161 0.972847238
34.300000 387.852900 -674.220800 0.000000 0.000000000 0.000000000 -0.231448161 0.972847238
34.400000 389.173100 -674.886600 0.000000 0.000000000 0.000000000 -0.231448161 0.972847238
34.500000 391.813400 -676.218300 0.000000 0.000000000 0.000000000 -0.231448161 0.972847238
34.600000 391.813400 -676.218300 0.000000 0.000000000 0.000000000 -0.231448161 0.972847238
34.700000 394.453700 -677.549900 0.000000 0.000000000 0.000000000 -0.231448161 0.972847238
34.800000 394.453700 -677.549900 0.000000 0.000000000 0.000000000 -0.231448161 0.972847238
34.900000 394.453700 -677.549900 0.000000 0.000000000 0.000000000 -0.231448161 0.972847238
35.000000 244.851300 -604.992000 0.000000 0.000000000 0.000000000 -0.195471793 0.980709324
35.100000 287.869500 -622.787700 0.000000 0.000000000 0.000000000 -0.194329624 0.980936286
35.200000 335.161000 -295.192700 0.000000 0.000000000 0.000000000 -0.929939213 0.367713284
35.300000 84.352100 -446.563800 0.000000 0.000000000 0.000000000 -0.792897242 0.609355367
35.400000 343.720800 -376.212300 0.000000 0.000000000 0.000000000 0.495401522 0.868664108
35.500000 297.267500 -626.663400 0.000000 0.000000000 0.000000000 -0.194329624 0.980936286
35.600000 514.747500 -698.661400 0.000000 0.000000000 0.000000000 0.392826813 0.919612470
35.700000 530.703400 -651.919200 0.000000 0.000000000 0.000000000 0.744094882 0.668073953
35.800000 299.952600 -627.770800 0.000000 0.000000000 0.000000000 -0.194329624 0.980936286
35.900000 301.295200 -628.324400 0.000000 0.000000000 0.000000000 -0.201636547 0.979460414
36.000000 98.612100 -548.159500 0.000000 0.000000000 0.000000000 -0.615039058 0.788496644
36.100000 98.970700 -549.588100 0.000000 0.000000000 0.000000000 -0.615039058 0.788496644
36.200000 293.632600 -318.091800 0.000000 0.000000000 0.000000000 -0.999782827 0.020839818
36.300000 293.632600 -318.091800 0.000000 0.000000000 0.000000000 -0.999782827 0.020839818
36.400000 292.145500 -318.153800 0.000000 0.000000000 0.000000000 -0.999782827 0.020839818
36.500000 292.145500 -318.153800 0.000000 0.000000000 0.000000000 -0.999782827 0.020839818
36.600000 292.145500 -318.153800 0.000000 0.000000000 0.000000000 -0.999782827 0.020839818
36.700000 100.763600 -556.731000 0.000000 0.000000000 0.000000000 -0.615039058 0.788496644
36.800000 287.684300 -318.339900 0.000000 0.000000000 0.000000000 0.999440172 0.033456582
36.900000 101.480700 -559.588200 0.000000 0.000000000 0.000000000 -0.607343951 0.794439000
37.000000 81.762300 -473.135000 0.000000 0.000000000 0.000000000 -0.636957417 0.770898988
37.100000 101.839300 -561.016800 0.000000 0.000000000 0.000000000 -0.601790007 0.798654360
37.200000 82.042700 -474.595600 0.000000 0.000000000 0.000000000 -0.636957417 0.770898988
37.300000 86.642200 -437.965800 0.000000 0.000000000 0.000000000 -0.792897242 0.609355367
37.400000 82.323200 -476.056300 0.000000 0.000000000 0.000000000 -0.636957417 0.770898988
37.500000 82.603700 -477.517000 0.000000 0.000000000 0.000000000 -0.636957417 0.770898988
37.600000 83.164600 -480.438300 0.000000 0.000000000 0.000000000 -0.636957417 0.770898988
37.700000 83.445100 -481.899000 0.000000 0.000000000 0.000000000 -0.636957417 0.770898988
37.800000 83.445100 -481.899000 0.000000 0.000000000 0.000000000 -0.636957417 0.770898988
37.900000 83.445100 -481.899000 0.000000 0.000000000 0.000000000 -0.636957417 0.770898988
38.000000 84.006000 -484.820300 0.000000 0.000000000 0.000000000 -0.636957417 0.770898988
38.100000 84.006000 -484.820300 0.000000 0.000000000 0.000000000 -0.636957417 0.770898988
38.200000 84.847400 -489.202300 0.000000 0.000000000 0.000000000 -0.636957417 0.770898988
38.300000 85.127900 -490.663000 0.000000 0.000000000 0.000000000 -0.636957417 0.770898988
38.400000 85.127900 -490.663000 0.000000 0.000000000 0.000000000 -0.636957417 0.770898988
38.500000 85.408400 -492.123700 0.000000 0.000000000 0.000000000 -0.636957417 0.770898988
38.600000 85.969300 -495.045000 0.000000 0.000000000 0.000000000 -0.636957417 0.770898988
38.700000 85.969300 -495.045000 0.000000 0.000000000 0.000000000 -0.636957417 0.770898988
38.800000 86.249800 -496.505700 0.000000 0.000000000 0.000000000 -0.636957417 0.770898988
38.900000 86.249800 -496.505700 0.000000 0.000000000 0.000000000 -0.636957417 0.770898988
39.000000 86.530300 -497.966300 0.000000 0.000000000 0.000000000 -0.636957417 0.770898988
39.100000 86.810700 -499.427000 0.000000 0.000000000 0.000000000 -0.636957417 0.770898988
39.200000 372.720000 -555.957700 0.000000 0.000000000 0.000000000 0.874646446 0.484761379
39.300000 87.371700 -502.348300 0.000000 0.000000000 0.000000000 -0.634624082 0.772820985
39.400000 318.758600 -439.261000 0.000000 0.000000000 0.000000000 0.676045029 0.736860311
39.500000 318.885900 -437.785000 0.000000 0.000000000 0.000000000 0.665921980 0.746021392
39.600000 318.758600 -439.261000 0.000000 0.000000000 0.000000000 0.676045029 0.736860311
39.700000 318.885900 -437.785000 0.000000 0.000000000 0.000000000 0.665921980 0.746021392
39.800000 319.013200 -436.309000 0.000000 0.000000000 0.000000000 0.638093029 0.769959275
39.900000 319.140500 -434.833000 0.000000 0.000000000 0.000000000 0.609305550 0.792935525
40.000000 319.140500 -434.833000 0.000000 0.000000000 0.000000000 0.609305550 0.792935525
40.100000 319.140500 -434.833000 0.000000 0.000000000 0.000000000 0.609305550 0.792935525
40.200000 367.009000 -545.622000 0.000000 0.000000000 0.000000000 0.851298930 0.524680982
40.300000 321.226700 -427.703500 0.000000 0.000000000 0.000000000 0.579913492 0.814678060
40.400000 519.117800 -615.493800 0.000000 0.000000000 0.000000000 0.831080674 0.556151880
40.500000 321.226700 -427.703500 0.000000 0.000000000 0.000000000 0.579913492 0.814678060
40.600000 321.226700 -427.703500 0.000000 0.000000000 0.000000000 0.579913492 0.814678060
40.700000 83.588800 -449.429800 0.000000 0.000000000 0.000000000 -0.792897242 0.609355367
40.800000 459.734400 -707.650300 0.000000 0.000000000 0.000000000 -0.159805877 0.987148460
40.900000 516.823800 -610.088800 0.000000 0.000000000 0.000000000 0.849451004 0.527667502
41.000000 516.823800 -610.088800 0.000000 0.000000000 0.000000000 0.849451004 0.527667502
41.100000 516.181300 -608.789000 0.000000 0.000000000 0.000000000 0.849451004 0.527667502
41.200000 515.538800 -607.489300 0.000000 0.000000000 0.000000000 0.849451004 0.527667502
41.300000 515.538800 -607.489300 0.000000 0.000000000 0.000000000 0.849451004 0.527667502
41.400000 514.253800 -604.889700 0.000000 0.000000000 0.000000000 0.849451004 0.527667502
41.500000 514.253800 -604.889700 0.000000 0.000000000 0.000000000 0.849451004 0.527667502
41.600000 513.611300 -603.589900 0.000000 0.000000000 0.000000000 0.849451004 0.527667502
41.700000 512.968800 -602.290100 0.000000 0.000000000 0.000000000 0.849451004 0.527667502
41.800000 286.197200 -318.401900 0.000000 0.000000000 0.000000000 0.998407583 0.056411864
41.900000 511.683800 -599.690600 0.000000 0.000000000 0.000000000 0.849451004 0.527667502
42.000000 328.572600 -406.503100 0.000000 0.000000000 0.000000000 0.579913492 0.814678060
42.100000 328.572600 -406.503100 0.000000 0.000000000 0.000000000 0.579913492 0.814678060
42.200000 478.876600 -712.277100 0.000000 0.000000000 0.000000000 0.046745459 0.998906834
42.300000 280.346300 -317.738600 0.000000 0.000000000 0.000000000 0.998407583 0.056411864
42.400000 330.041800 -402.263000 0.000000 0.000000000 0.000000000 0.579913492 0.814678060
42.500000 330.531500 -400.849600 0.000000 0.000000000 0.000000000 0.579913492 0.814678060
42.600000 331.021200 -399.436300 0.000000 0.000000000 0.000000000 0.571544213 0.820571272
42.700000 427.359000 -633.444800 0.000000 0.000000000 0.000000000 0.996755846 0.080484679
42.800000 358.815500 -333.988500 0.000000 0.000000000 0.000000000 0.740030698 0.672573093
42.900000 485.670600 -711.639900 0.000000 0.000000000 0.000000000 0.063278694 0.997995895
43.000000 83.970500 -447.996800 0.000000 0.000000000 0.000000000 -0.792897242 0.609355367
43.100000 507.170800 -704.997800 0.000000 0.000000000 0.000000000 0.312827984 0.949809798
43.200000 358.540200 -331.112400 0.000000 0.000000000 0.000000000 0.740030698 0.672573093
43.300000 358.794500 -535.279500 0.000000 0.000000000 0.000000000 0.933214699 0.359319253
43.400000 337.731300 -386.337000 0.000000 0.000000000 0.000000000 0.495401522 0.868664108
43.500000 127.194100 -615.910500 0.000000 0.000000000 0.000000000 -0.393206120 0.919450351
43.600000 313.107100 -482.806300 0.000000 0.000000000 0.000000000 0.487087682 0.873353073
43.700000 217.470300 -611.457100 0.000000 0.000000000 0.000000000 0.302780737 0.953060242
43.800000 130.071800 -619.076700 0.000000 0.000000000 0.000000000 -0.320763527 0.947159311
43.900000 315.151100 -479.497100 0.000000 0.000000000 0.000000000 0.640788579 0.767717394
44.000000 131.176300 -619.921700 0.000000 0.000000000 0.000000000 -0.320763527 0.947159311
44.100000 132.280800 -620.766700 0.000000 0.000000000 0.000000000 -0.320763527 0.947159311
44.200000 405.457200 -621.553900 0.000000 0.000000000 0.000000000 0.767310129 0.641276202
44.300000 405.457200 -621.553900 0.000000 0.000000000 0.000000000 0.767310129 0.641276202
44.400000 328.572600 -406.503100 0.000000 0.000000000 0.000000000 0.579913492 0.814678060
44.500000 403.970800 -613.314000 0.000000 0.000000000 0.000000000 0.747273782 0.664516286
44.600000 528.391100 -678.976500 0.000000 0.000000000 0.000000000 0.606007244 0.795459125
44.700000 312.425800 -483.909400 0.000000 0.000000000 0.000000000 0.487087682 0.873353073
44.800000 92.367200 -416.470800 0.000000 0.000000000 0.000000000 -0.792897242 0.609355367
44.900000 91.985600 -417.903800 0.000000 0.000000000 0.000000000 -0.792897242 0.609355367
45.000000 120.101000 -606.625500 0.000000 0.000000000 0.000000000 -0.443249499 0.896398283
45.100000 403.064100 -600.172800 0.000000 0.000000000 0.000000000 0.720945690 0.692991568
45.200000 403.005400 -598.687900 0.000000 0.000000000 0.000000000 0.720945690 0.692991568
45.300000 402.946600 -597.202900 0.000000 0.000000000 0.000000000 0.736767127 0.676146582
45.400000 402.887900 -595.718000 0.000000 0.000000000 0.000000000 0.779157422 0.626828295
45.500000 200.862100 -313.152600 0.000000 0.000000000 0.000000000 0.999894596 0.014518817
45.600000 199.383800 -313.109600 0.000000 0.000000000 0.000000000 0.999894596 0.014518817
45.700000 403.005400 -598.687900 0.000000 0.000000000 0.000000000 0.720945690 0.692991568
45.800000 531.022900 -669.419900 0.000000 0.000000000 0.000000000 0.627956770 0.778248222
45.900000 531.398900 -668.054700 0.000000 0.000000000 0.000000000 0.668701860 0.743530647
46.000000 200.862100 -313.152600 0.000000 0.000000000 0.000000000 0.999894596 0.014518817
46.100000 200.862100 -313.152600 0.000000 0.000000000 0.000000000 0.999894596 0.014518817
46.200000 531.829200 -662.345400 0.000000 0.000000000 0.000000000 0.744094882 0.668073953
46.300000 531.668400 -660.855900 0.000000 0.000000000 0.000000000 0.744094882 0.668073953
46.400000 531.668400 -660.855900 0.000000 0.000000000 0.000000000 0.744094882 0.668073953
46.500000 531.025100 -654.898100 0.000000 0.000000000 0.000000000 0.744094882 0.668073953
46.600000 531.025100 -654.898100 0.000000 0.000000000 0.000000000 0.744094882 0.668073953
46.700000 530.703400 -651.919200 0.000000 0.000000000 0.000000000 0.744094882 0.668073953
46.800000 531.025100 -654.898100 0.000000 0.000000000 0.000000000 0.744094882 0.668073953
46.900000 530.703400 -651.919200 0.000000 0.000000000 0.000000000 0.744094882 0.668073953
47.000000 530.060100 -645.961400 0.000000 0.000000000 0.000000000 0.753228030 0.657759481
47.100000 530.220900 -647.450900 0.000000 0.000000000 0.000000000 0.744094882 0.668073953
47.200000 529.899300 -644.472000 0.000000 0.000000000 0.000000000 0.779699964 0.626153309
47.300000 530.060100 -645.961400 0.000000 0.000000000 0.000000000 0.753228030 0.657759481
47.400000 529.899300 -644.472000 0.000000 0.000000000 0.000000000 0.779699964 0.626153309
47.500000 529.027100 -640.124700 0.000000 0.000000000 0.000000000 0.828624449 0.559804897
47.600000 527.926100 -637.387900 0.000000 0.000000000 0.000000000 0.828624449 0.559804897
47.700000 527.375500 -636.019500 0.000000 0.000000000 0.000000000 0.828624449 0.559804897
47.800000 526.825000 -634.651100 0.000000 0.000000000 0.000000000 0.828624449 0.559804897
47.900000 529.027100 -640.124700 0.000000 0.000000000 0.000000000 0.828624449 0.559804897
48.000000 526.274500 -633.282800 0.000000 0.000000000 0.000000000 0.828624449 0.559804897
48.100000 526.274500 -633.282800 0.000000 0.000000000 0.000000000 0.828624449 0.559804897
48.200000 524.623000 -629.177600 0.000000 0.000000000 0.000000000 0.828624449 0.559804897
48.300000 524.623000 -629.177600 0.000000 0.000000000 0.000000000 0.828624449 0.559804897
48.400000 524.072500 -627.809200 0.000000 0.000000000 0.000000000 0.828624449 0.559804897
48.500000 524.072500 -627.809200 0.000000 0.000000000 0.000000000 0.828624449 0.559804897
48.600000 524.623000 -629.177600 0.000000 0.000000000 0.000000000 0.828624449 0.559804897
48.700000 524.072500 -627.809200 0.000000 0.000000000 0.000000000 0.828624449 0.559804897
48.800000 522.420900 -623.704100 0.000000 0.000000000 0.000000000 0.828624449 0.559804897
48.900000 521.870400 -622.335700 0.000000 0.000000000 0.000000000 0.828624449 0.559804897
49.000000 520.769400 -619.598900 0.000000 0.000000000 0.000000000 0.828624449 0.559804897
49.100000 520.769400 -619.598900 0.000000 0.000000000 0.000000000 0.828624449 0.559804897
49.200000 518.567300 -614.125400 0.000000 0.000000000 0.000000000 0.837311450 0.546726198
49.300000 404.714000 -617.433900 0.000000 0.000000000 0.000000000 0.767310129 0.641276202
49.400000 516.823800 -610.088800 0.000000 0.000000000 0.000000000 0.849451004 0.527667502
49.500000 516.823800 -610.088800 0.000000 0.000000000 0.000000000 0.849451004 0.527667502
49.600000 516.181300 -608.789000 0.000000 0.000000000 0.000000000 0.849451004 0.527667502
49.700000 80.920900 -468.753000 0.000000 0.000000000 0.000000000 -0.636957417 0.770898988
49.800000 80.920900 -468.753000 0.000000 0.000000000 0.000000000 -0.636957417 0.770898988
49.900000 80.920900 -468.753000 0.000000 0.000000000 0.000000000 -0.636957417 0.770898988
50.000000 256.345900 -314.363500 0.000000 0.000000000 0.000000000 0.855881290 0.517172328
50.100000 81.762300 -473.135000 0.000000 0.000000000 0.000000000 -0.636957417 0.770898988
50.200000 287.684300 -318.339900 0.000000 0.000000000 0.000000000 0.999440172 0.033456582
50.300000 287.684300 -318.339900 0.000000 0.000000000 0.000000000 0.999440172 0.033456582
50.400000 82.323200 -476.056300 0.000000 0.000000000 0.000000000 -0.636957417 0.770898988
50.500000 287.684300 -318.339900 0.000000 0.000000000 0.000000000 0.999440172 0.033456582
50.600000 82.884200 -478.977700 0.000000 0.000000000 0.000000000 -0.636957417 0.770898988
50.700000 83.164600 -480.438300 0.000000 0.000000000 0.000000000 -0.636957417 0.770898988
50.800000 83.445100 -481.899000 0.000000 0.000000000 0.000000000 -0.636957417 0.770898988
50.900000 83.445100 -481.899000 0.000000 0.000000000 0.000000000 -0.636957417 0.770898988
51.000000 83.445100 -481.899000 0.000000 0.000000000 0.000000000 -0.636957417 0.770898988
51.100000 84.006000 -484.820300 0.000000 0.000000000 0.000000000 -0.636957417 0.770898988
51.200000 84.006000 -484.820300 0.000000 0.000000000 0.000000000 -0.636957417 0.770898988
51.300000 478.876600 -712.277100 0.000000 0.000000000 0.000000000 0.046745459 0.998906834
51.400000 131.176300 -619.921700 0.000000 0.000000000 0.000000000 -0.320763527 0.947159311
51.500000 84.847400 -489.202300 0.000000 0.000000000 0.000000000 -0.636957417 0.770898988
51.600000 101.624800 -383.688700 0.000000 0.000000000 0.000000000 -0.804395054 0.594094771
51.700000 482.953000 -711.894800 0.000000 0.000000000 0.000000000 0.046745459 0.998906834
51.800000 101.189900 -385.102100 0.000000 0.000000000 0.000000000 -0.804395054 0.594094771
51.900000 100.755000 -386.515400 0.000000 0.000000000 0.000000000 -0.804395054 0.594094771
52.000000 85.969300 -495.045000 0.000000 0.000000000 0.000000000 -0.636957417 0.770898988
52.100000 85.969300 -495.045000 0.000000 0.000000000 0.000000000 -0.636957417 0.770898988
52.200000 117.859200 -336.646000 0.000000 0.000000000 0.000000000 -0.897650706 0.440707623
52.300000 116.700400 -337.553900 0.000000 0.000000000 0.000000000 -0.853399960 0.521256663
52.400000 113.367100 -345.528500 0.000000 0.000000000 0.000000000 -0.804395054 0.594094771
52.500000 113.802000 -344.115200 0.000000 0.000000000 0.000000000 -0.804395054 0.594094771
52.600000 113.367100 -345.528500 0.000000 0.000000000 0.000000000 -0.804395054 0.594094771
52.700000 112.932200 -346.941900 0.000000 0.000000000 0.000000000 -0.804395054 0.594094771
52.800000 112.497300 -348.355200 0.000000 0.000000000 0.000000000 -0.804395054 0.594094771
52.900000 110.322800 -355.421900 0.000000 0.000000000 0.000000000 -0.804395054 0.594094771
53.000000 111.192600 -352.595200 0.000000 0.000000000 0.000000000 -0.804395054 0.594094771
53.100000 110.757700 -354.008600 0.000000 0.000000000 0.000000000 -0.804395054 0.594094771
53.200000 110.322800 -355.421900 0.000000 0.000000000 0.000000000 -0.804395054 0.594094771
53.300000 109.453000 -358.248600 0.000000 0.000000000 0.000000000 -0.804395054 0.594094771
53.400000 109.018100 -359.661900 0.000000 0.000000000 0.000000000 -0.804395054 0.594094771
53.500000 110.322800 -355.421900 0.000000 0.000000000 0.000000000 -0.804395054 0.594094771
53.600000 108.148300 -362.488600 0.000000 0.000000000 0.000000000 -0.804395054 0.594094771
53.700000 109.453000 -358.248600 0.000000 0.000000000 0.000000000 -0.804395054 0.594094771
53.800000 106.408700 -368.142000 0.000000 0.000000000 0.000000000 -0.804395054 0.594094771
53.900000 106.408700 -368.142000 0.000000 0.000000000 0.000000000 -0.804395054 0.594094771
54.000000 106.843600 -366.728600 0.000000 0.000000000 0.000000000 -0.804395054 0.594094771
54.100000 106.408700 -368.142000 0.000000 0.000000000 0.000000000 -0.804395054 0.594094771
54.200000 105.973800 -369.555300 0.000000 0.000000000 0.000000000 -0.804395054 0.594094771
54.300000 111.192600 -352.595200 0.000000 0.000000000 0.000000000 -0.804395054 0.594094771
54.400000 111.627500 -351.181900 0.000000 0.000000000 0.000000000 -0.804395054 0.594094771
54.500000 104.234200 -375.208700 0.000000 0.000000000 0.000000000 -0.804395054 0.594094771
54.600000 105.538900 -370.968700 0.000000 0.000000000 0.000000000 -0.804395054 0.594094771
54.700000 105.104000 -372.382000 0.000000 0.000000000 0.000000000 -0.804395054 0.594094771
54.800000 105.538900 -370.968700 0.000000 0.000000000 0.000000000 -0.804395054 0.594094771
54.900000 104.669100 -373.795300 0.000000 0.000000000 0.000000000 -0.804395054 0.594094771
55.000000 104.669100 -373.795300 0.000000 0.000000000 0.000000000 -0.804395054 0.594094771
55.100000 99.885200 -389.342100 0.000000 0.000000000 0.000000000 -0.804395054 0.594094771
55.200000 101.189900 -385.102100 0.000000 0.000000000 0.000000000 -0.804395054 0.594094771
55.300000 98.580500 -393.582100 0.000000 0.000000000 0.000000000 -0.799733390 0.600355315
55.400000 102.494600 -380.862000 0.000000 0.000000000 0.000000000 -0.804395054 0.594094771
55.500000 102.059700 -382.275400 0.000000 0.000000000 0.000000000 -0.804395054 0.594094771
55.600000 99.450300 -390.755400 0.000000 0.000000000 0.000000000 -0.804395054 0.594094771
55.700000 101.189900 -385.102100 0.000000 0.000000000 0.000000000 -0.804395054 0.594094771
55.800000 100.755000 -386.515400 0.000000 0.000000000 0.000000000 -0.804395054 0.594094771
55.900000 95.802300 -403.573800 0.000000 0.000000000 0.000000000 -0.792897242 0.609355367
56.000000 99.885200 -389.342100 0.000000 0.000000000 0.000000000 -0.804395054 0.594094771
56.100000 99.450300 -390.755400 0.000000 0.000000000 0.000000000 -0.804395054 0.594094771
56.200000 99.015400 -392.168800 0.000000 0.000000000 0.000000000 -0.803113509 0.595826059
56.300000 98.580500 -393.582100 0.000000 0.000000000 0.000000000 -0.799733390 0.600355315
56.400000 98.145600 -394.995400 0.000000 0.000000000 0.000000000 -0.796327729 0.604865397
56.500000 97.710600 -396.408800 0.000000 0.000000000 0.000000000 -0.792897242 0.609355367
56.600000 97.329000 -397.841800 0.000000 0.000000000 0.000000000 -0.792897242 0.609355367
56.700000 96.947300 -399.274800 0.000000 0.000000000 0.000000000 -0.792897242 0.609355367
56.800000 100.755000 -386.515400 0.000000 0.000000000 0.000000000 -0.804395054 0.594094771
56.900000 96.184000 -402.140800 0.000000 0.000000000 0.000000000 -0.792897242 0.609355367
57.000000 99.885200 -389.342100 0.000000 0.000000000 0.000000000 -0.804395054 0.594094771
57.100000 99.450300 -390.755400 0.000000 0.000000000 0.000000000 -0.804395054 0.594094771
57.200000 99.015400 -392.168800 0.000000 0.000000000 0.000000000 -0.803113509 0.595826059
57.300000 98.580500 -393.582100 0.000000 0.000000000 0.000000000 -0.799733390 0.600355315
57.400000 98.145600 -394.995400 0.000000 0.000000000 0.000000000 -0.796327729 0.604865397
57.500000 97.710600 -396.408800 0.000000 0.000000000 0.000000000 -0.792897242 0.609355367
57.600000 97.329000 -397.841800 0.000000 0.000000000 0.000000000 -0.792897242 0.609355367
57.700000 96.947300 -399.274800 0.000000 0.000000000 0.000000000 -0.792897242 0.609355367
57.800000 96.565600 -400.707800 0.000000 0.000000000 0.000000000 -0.792897242 0.609355367
57.900000 96.184000 -402.140800 0.000000 0.000000000 0.000000000 -0.792897242 0.609355367
58.000000 95.802300 -403.573800 0.000000 0.000000000 0.000000000 -0.792897242 0.609355367
58.100000 95.420600 -405.006800 0.000000 0.000000000 0.000000000 -0.792897242 0.609355367
58.200000 95.038900 -406.439800 0.000000 0.000000000 0.000000000 -0.792897242 0.609355367
58.300000 94.657300 -407.872800 0.000000 0.000000000 0.000000000 -0.792897242 0.609355367
58.400000 94.275600 -409.305800 0.000000 0.000000000 0.000000000 -0.792897242 0.609355367
58.500000 93.893900 -410.738800 0.000000 0.000000000 0.000000000 -0.792897242 0.609355367
58.600000 93.893900 -410.738800 0.000000 0.000000000 0.000000000 -0.792897242 0.609355367
58.700000 93.512300 -412.171800 0.000000 0.000000000 0.000000000 -0.792897242 0.609355367
58.800000 93.512300 -412.171800 0.000000 0.000000000 0.000000000 -0.792897242 0.609355367
58.900000 92.748900 -415.037800 0.000000 0.000000000 0.000000000 -0.792897242 0.609355367
59.000000 92.748900 -415.037800 0.000000 0.000000000 0.000000000 -0.792897242 0.609355367
59.100000 92.748900 -415.037800 0.000000 0.000000000 0.000000000 -0.792897242 0.609355367
59.200000 91.985600 -417.903800 0.000000 0.000000000 0.000000000 -0.792897242 0.609355367
59.300000 91.603900 -419.336800 0.000000 0.000000000 0.000000000 -0.792897242 0.609355367
59.400000 91.603900 -419.336800 0.000000 0.000000000 0.000000000 -0.792897242 0.609355367
59.500000 90.840600 -422.202800 0.000000 0.000000000 0.000000000 -0.792897242 0.609355367
59.600000 90.840600 -422.202800 0.000000 0.000000000 0.000000000 -0.792897242 0.609355367
59.700000 90.077200 -425.068800 0.000000 0.000000000 0.000000000 -0.792897242 0.609355367
59.800000 90.077200 -425.068800 0.000000 0.000000000 0.000000000 -0.792897242 0.609355367
59.900000 89.313900 -427.934800 0.000000 0.000000000 0.000000000 -0.792897242 0.609355367
60.000000 89.313900 -427.934800 0.000000 0.000000000 0.000000000 -0.792897242 0.609355367
60.100000 88.932200 -429.367800 0.000000 0.000000000 0.000000000 -0.792897242 0.609355367
60.200000 88.550500 -430.800800 0.000000 0.000000000 0.000000000 -0.792897242 0.609355367
60.300000 88.168800 -432.233800 0.000000 0.000000000 0.000000000 -0.792897242 0.609355367
60.400000 92.748900 -415.037800 0.000000 0.000000000 0.000000000 -0.792897242 0.609355367
60.500000 87.023800 -436.532800 0.000000 0.000000000 0.000000000 -0.792897242 0.609355367
60.600000 86.642200 -437.965800 0.000000 0.000000000 0.000000000 -0.792897242 0.609355367
60.700000 86.260500 -439.398800 0.000000 0.000000000 0.000000000 -0.792897242 0.609355367
60.800000 85.878800 -440.831800 0.000000 0.000000000 0.000000000 -0.792897242 0.609355367
60.900000 382.742900 -565.718100 0.000000 0.000000000 0.000000000 0.926397249 0.376547656
61.000000 381.740600 -564.742100 0.000000 0.000000000 0.000000000 0.926397249 0.376547656
61.100000 380.738300 -563.766000 0.000000 0.000000000 0.000000000 0.926397249 0.376547656
61.200000 81.298800 -458.027800 0.000000 0.000000000 0.000000000 -0.782807903 0.622263438
61.300000 89.313900 -427.934800 0.000000 0.000000000 0.000000000 -0.792897242 0.609355367
61.400000 95.026200 -533.873600 0.000000 0.000000000 0.000000000 -0.615039058 0.788496644
61.500000 95.026200 -533.873600 0.000000 0.000000000 0.000000000 -0.615039058 0.788496644
61.600000 80.233000 -462.318900 0.000000 0.000000000 0.000000000 -0.677776253 0.735268217
61.700000 522.420900 -623.704100 0.000000 0.000000000 0.000000000 0.828624449 0.559804897
61.800000 80.159700 -464.393100 0.000000 0.000000000 0.000000000 -0.642690929 0.766125557
61.900000 521.319900 -620.967300 0.000000 0.000000000 0.000000000 0.828624449 0.559804897
62.000000 520.769400 -619.598900 0.000000 0.000000000 0.000000000 0.828624449 0.559804897
62.100000 80.640400 -467.292300 0.000000 0.000000000 0.000000000 -0.636957417 0.770898988
62.200000 520.218900 -618.230500 0.000000 0.000000000 0.000000000 0.828624449 0.559804897
62.300000 80.920900 -468.753000 0.000000 0.000000000 0.000000000 -0.636957417 0.770898988
62.400000 81.201300 -470.213600 0.000000 0.000000000 0.000000000 -0.636957417 0.770898988
62.500000 81.481800 -471.674300 0.000000 0.000000000 0.000000000 -0.636957417 0.770898988
62.600000 81.762300 -473.135000 0.000000 0.000000000 0.000000000 -0.636957417 0.770898988
62.700000 82.042700 -474.595600 0.000000 0.000000000 0.000000000 -0.636957417 0.770898988
62.800000 82.042700 -474.595600 0.000000 0.000000000 0.000000000 -0.636957417 0.770898988
62.900000 82.603700 -477.517000 0.000000 0.000000000 0.000000000 -0.636957417 0.770898988
63.000000 82.603700 -477.517000 0.000000 0.000000000 0.000000000 -0.636957417 0.770898988
63.100000 83.164600 -480.438300 0.000000 0.000000000 0.000000000 -0.636957417 0.770898988
63.200000 83.445100 -481.899000 0.000000 0.000000000 0.000000000 -0.636957417 0.770898988
63.300000 83.445100 -481.899000 0.000000 0.000000000 0.000000000 -0.636957417 0.770898988
63.400000 84.006000 -484.820300 0.000000 0.000000000 0.000000000 -0.636957417 0.770898988
63.500000 84.286500 -486.281000 0.000000 0.000000000 0.000000000 -0.636957417 0.770898988
63.600000 84.567000 -487.741700 0.000000 0.000000000 0.000000000 -0.636957417 0.770898988
63.700000 84.847400 -489.202300 0.000000 0.000000000 0.000000000 -0.636957417 0.770898988
63.800000 84.847400 -489.202300 0.000000 0.000000000 0.000000000 -0.636957417 0.770898988
63.900000 85.127900 -490.663000 0.000000 0.000000000 0.000000000 -0.636957417 0.770898988
64.000000 85.408400 -492.123700 0.000000 0.000000000 0.000000000 -0.636957417 0.770898988
64.100000 85.969300 -495.045000 0.000000 0.000000000 0.000000000 -0.636957417 0.770898988
64.200000 85.969300 -495.045000 0.000000 0.000000000 0.000000000 -0.636957417 0.770898988
64.300000 86.530300 -497.966300 0.000000 0.000000000 0.000000000 -0.636957417 0.770898988
64.400000 86.530300 -497.966300 0.000000 0.000000000 0.000000000 -0.636957417 0.770898988
64.500000 86.810700 -499.427000 0.000000 0.000000000 0.000000000 -0.636957417 0.770898988
64.600000 87.371700 -502.348300 0.000000 0.000000000 0.000000000 -0.634624082 0.772820985
64.700000 87.371700 -502.348300 0.000000 0.000000000 0.000000000 -0.634624082 0.772820985
64.800000 87.652100 -503.809000 0.000000 0.000000000 0.000000000 -0.628139252 0.778100945
64.900000 88.213100 -506.730300 0.000000 0.000000000 0.000000000 -0.615039058 0.788496644
65.000000 88.213100 -506.730300 0.000000 0.000000000 0.000000000 -0.615039058 0.788496644
65.100000 88.930300 -509.587500 0.000000 0.000000000 0.000000000 -0.615039058 0.788496644
65.200000 89.288800 -511.016100 0.000000 0.000000000 0.000000000 -0.615039058 0.788496644
65.300000 89.288800 -511.016100 0.000000 0.000000000 0.000000000 -0.615039058 0.788496644
65.400000 90.006000 -513.873300 0.000000 0.000000000 0.000000000 -0.615039058 0.788496644
65.500000 90.006000 -513.873300 0.000000 0.000000000 0.000000000 -0.615039058 0.788496644
65.600000 90.364600 -515.301900 0.000000 0.000000000 0.000000000 -0.615039058 0.788496644
65.700000 90.723200 -516.730500 0.000000 0.000000000 0.000000000 -0.615039058 0.788496644
65.800000 91.081800 -518.159100 0.000000 0.000000000 0.000000000 -0.615039058 0.788496644
65.900000 91.798900 -521.016200 0.000000 0.000000000 0.000000000 -0.615039058 0.788496644
66.000000 91.798900 -521.016200 0.000000 0.000000000 0.000000000 -0.615039058 0.788496644
66.100000 92.157500 -522.444800 0.000000 0.000000000 0.000000000 -0.615039058 0.788496644
66.200000 92.516100 -523.873400 0.000000 0.000000000 0.000000000 -0.615039058 0.788496644
66.300000 92.874700 -525.302000 0.000000 0.000000000 0.000000000 -0.615039058 0.788496644
66.400000 93.591900 -528.159200 0.000000 0.000000000 0.000000000 -0.615039058 0.788496644
66.500000 93.950500 -529.587800 0.000000 0.000000000 0.000000000 -0.615039058 0.788496644
66.600000 93.950500 -529.587800 0.000000 0.000000000 0.000000000 -0.615039058 0.788496644
66.700000 94.309000 -531.016400 0.000000 0.000000000 0.000000000 -0.615039058 0.788496644
66.800000 95.026200 -533.873600 0.000000 0.000000000 0.000000000 -0.615039058 0.788496644
66.900000 95.026200 -533.873600 0.000000 0.000000000 0.000000000 -0.615039058 0.788496644
67.000000 95.384800 -535.302200 0.000000 0.000000000 0.000000000 -0.615039058 0.788496644
67.100000 95.743400 -536.730700 0.000000 0.000000000 0.000000000 -0.615039058 0.788496644
67.200000 96.460600 -539.587900 0.000000 0.000000000 0.000000000 -0.615039058 0.788496644
67.300000 96.460600 -539.587900 0.000000 0.000000000 0.000000000 -0.615039058 0.788496644
67.400000 96.819100 -541.016500 0.000000 0.000000000 0.000000000 -0.615039058 0.788496644
67.500000 97.177700 -542.445100 0.000000 0.000000000 0.000000000 -0.615039058 0.788496644
67.600000 97.536300 -543.873700 0.000000 0.000000000 0.000000000 -0.615039058 0.788496644
67.700000 97.894900 -545.302300 0.000000 0.000000000 0.000000000 -0.615039058 0.788496644
67.800000 98.253500 -546.730900 0.000000 0.000000000 0.000000000 -0.615039058 0.788496644
67.900000 98.612100 -548.159500 0.000000 0.000000000 0.000000000 -0.615039058 0.788496644
68.000000 98.970700 -549.588100 0.000000 0.000000000 0.000000000 -0.615039058 0.788496644
68.100000 99.329200 -551.016600 0.000000 0.000000000 0.000000000 -0.615039058 0.788496644
68.200000 99.687800 -552.445200 0.000000 0.000000000 0.000000000 -0.615039058 0.788496644
68.300000 100.046400 -553.873800 0.000000 0.000000000 0.000000000 -0.615039058 0.788496644
68.400000 100.763600 -556.731000 0.000000 0.000000000 0.000000000 -0.615039058 0.788496644
68.500000 100.763600 -556.731000 0.000000 0.000000000 0.000000000 -0.615039058 0.788496644
68.600000 101.122200 -558.159600 0.000000 0.000000000 0.000000000 -0.612867974 0.790185324
68.700000 101.480700 -559.588200 0.000000 0.000000000 0.000000000 -0.607343951 0.794439000
68.800000 101.839300 -561.016800 0.000000 0.000000000 0.000000000 -0.601790007 0.798654360
68.900000 102.197900 -562.445400 0.000000 0.000000000 0.000000000 -0.596208412 0.802829701
69.000000 102.624100 -563.856800 0.000000 0.000000000 0.000000000 -0.596208412 0.802829701
69.100000 103.050300 -565.268200 0.000000 0.000000000 0.000000000 -0.596208412 0.802829701
69.200000 103.476500 -566.679600 0.000000 0.000000000 0.000000000 -0.596208412 0.802829701
69.300000 103.902700 -568.091100 0.000000 0.000000000 0.000000000 -0.596208412 0.802829701
69.400000 104.328900 -569.502500 0.000000 0.000000000 0.000000000 -0.596208412 0.802829701
69.500000 104.755100 -570.913900 0.000000 0.000000000 0.000000000 -0.596208412 0.802829701
69.600000 105.181300 -572.325300 0.000000 0.000000000 0.000000000 -0.596208412 0.802829701
69.700000 105.607500 -573.736800 0.000000 0.000000000 0.000000000 -0.596208412 0.802829701
69.800000 106.033700 -575.148200 0.000000 0.000000000 0.000000000 -0.596208412 0.802829701
69.900000 106.459900 -576.559600 0.000000 0.000000000 0.000000000 -0.596208412 0.802829701
70.000000 106.886100 -577.971000 0.000000 0.000000000 0.000000000 -0.596208412 0.802829701
70.100000 107.312300 -579.382400 0.000000 0.000000000 0.000000000 -0.596208412 0.802829701
70.200000 107.738500 -580.793900 0.000000 0.000000000 0.000000000 -0.589626238 0.807676235
70.300000 108.590900 -583.616700 0.000000 0.000000000 0.000000000 -0.555263697 0.831674352
70.400000 108.590900 -583.616700 0.000000 0.000000000 0.000000000 -0.555263697 0.831674352
70.500000 109.618800 -586.322100 0.000000 0.000000000 0.000000000 -0.537746525 0.843106562
70.600000 109.618800 -586.322100 0.000000 0.000000000 0.000000000 -0.537746525 0.843106562
70.700000 110.220500 -587.616100 0.000000 0.000000000 0.000000000 -0.537746525 0.843106562
70.800000 110.822200 -588.910000 0.000000 0.000000000 0.000000000 -0.537746525 0.843106562
70.900000 111.423900 -590.204000 0.000000 0.000000000 0.000000000 -0.537746525 0.843106562
71.000000 112.025700 -591.498000 0.000000 0.000000000 0.000000000 -0.537746525 0.843106562
71.100000 112.627400 -592.791900 0.000000 0.000000000 0.000000000 -0.537746525 0.843106562
71.200000 113.229100 -594.085900 0.000000 0.000000000 0.000000000 -0.537746525 0.843106562
71.300000 113.830800 -595.379900 0.000000 0.000000000 0.000000000 -0.537746525 0.843106562
71.400000 114.432500 -596.673800 0.000000 0.000000000 0.000000000 -0.537746525 0.843106562
71.500000 115.034200 -597.967800 0.000000 0.000000000 0.000000000 -0.537746525 0.843106562
71.600000 115.636000 -599.261700 0.000000 0.000000000 0.000000000 -0.524587483 0.851356548
71.700000 116.237700 -600.555700 0.000000 0.000000000 0.000000000 -0.497927233 0.867218813
71.800000 116.839400 -601.849700 0.000000 0.000000000 0.000000000 -0.470735294 0.882274494
71.900000 117.441100 -603.143600 0.000000 0.000000000 0.000000000 -0.443249499 0.896398283
72.000000 118.327700 -604.304300 0.000000 0.000000000 0.000000000 -0.443249499 0.896398283
72.100000 119.214400 -605.464900 0.000000 0.000000000 0.000000000 -0.443249499 0.896398283
72.200000 120.987600 -607.786100 0.000000 0.000000000 0.000000000 -0.443249499 0.896398283
72.300000 121.874300 -608.946800 0.000000 0.000000000 0.000000000 -0.443249499 0.896398283
72.400000 122.760900 -610.107400 0.000000 0.000000000 0.000000000 -0.443249499 0.896398283
72.500000 123.647500 -611.268000 0.000000 0.000000000 0.000000000 -0.443249499 0.896398283
72.600000 123.647500 -611.268000 0.000000 0.000000000 0.000000000 -0.443249499 0.896398283
72.700000 125.420800 -613.589200 0.000000 0.000000000 0.000000000 -0.443249499 0.896398283
72.800000 126.307400 -614.749900 0.000000 0.000000000 0.000000000 -0.428595332 0.903496564
72.900000 126.307400 -614.749900 0.000000 0.000000000 0.000000000 -0.428595332 0.903496564
73.000000 127.194100 -615.910500 0.000000 0.000000000 0.000000000 -0.393206120 0.919450351
73.100000 128.080700 -617.071100 0.000000 0.000000000 0.000000000 -0.357097816 0.934066994
73.200000 128.967300 -618.231700 0.000000 0.000000000 0.000000000 -0.320763527 0.947159311
73.300000 131.176300 -619.921700 0.000000 0.000000000 0.000000000 -0.320763527 0.947159311
73.400000 132.280800 -620.766700 0.000000 0.000000000 0.000000000 -0.320763527 0.947159311
73.500000 132.280800 -620.766700 0.000000 0.000000000 0.000000000 -0.320763527 0.947159311
73.600000 133.385300 -621.611700 0.000000 0.000000000 0.000000000 -0.320763527 0.947159311
73.700000 134.489800 -622.456800 0.000000 0.000000000 0.000000000 -0.289490976 0.957180743
73.800000 135.594300 -623.301800 0.000000 0.000000000 0.000000000 -0.235117058 0.971967062
73.900000 136.698700 -624.146800 0.000000 0.000000000 0.000000000 -0.179709367 0.983719748
74.000000 137.803200 -624.991800 0.000000 0.000000000 0.000000000 -0.124850847 0.992175522
74.100000 139.242900 -625.359900 0.000000 0.000000000 0.000000000 -0.124850847 0.992175522
74.200000 140.682600 -625.728100 0.000000 0.000000000 0.000000000 -0.124850847 0.992175522
74.300000 142.122200 -626.096200 0.000000 0.000000000 0.000000000 -0.124850847 0.992175522
74.400000 143.561900 -626.464400 0.000000 0.000000000 0.000000000 -0.113490449 0.993539087
74.500000 145.001600 -626.832500 0.000000 0.000000000 0.000000000 -0.082086035 0.996625247
74.600000 146.441200 -627.200700 0.000000 0.000000000 0.000000000 -0.050519985 0.998723050
74.700000 147.880900 -627.568800 0.000000 0.000000000 0.000000000 -0.019074843 0.999818059
74.800000 147.880900 -627.568800 0.000000 0.000000000 0.000000000 -0.019074843 0.999818059
74.900000 149.302900 -627.623100 0.000000 0.000000000 0.000000000 -0.019074843 0.999818059
75.000000 150.725000 -627.677400 0.000000 0.000000000 0.000000000 -0.019074843 0.999818059
75.100000 152.147000 -627.731700 0.000000 0.000000000 0.000000000 -0.015578870 0.999878642
75.200000 156.413200 -627.894500 0.000000 0.000000000 0.000000000 0.004855481 0.999988212
75.300000 156.413200 -627.894500 0.000000 0.000000000 0.000000000 0.004855481 0.999988212
75.400000 159.213000 -627.867300 0.000000 0.000000000 0.000000000 0.004855481 0.999988212
75.500000 160.612800 -627.853700 0.000000 0.000000000 0.000000000 0.004855481 0.999988212
75.600000 160.612800 -627.853700 0.000000 0.000000000 0.000000000 0.004855481 0.999988212
75.700000 163.412600 -627.826500 0.000000 0.000000000 0.000000000 0.004855481 0.999988212
75.800000 164.812500 -627.812900 0.000000 0.000000000 0.000000000 0.013352103 0.999910857
75.900000 163.412600 -627.826500 0.000000 0.000000000 0.000000000 0.004855481 0.999988212
76.000000 166.212300 -627.799300 0.000000 0.000000000 0.000000000 0.028237246 0.999601249
76.100000 167.612200 -627.785700 0.000000 0.000000000 0.000000000 0.043121625 0.999069830
76.200000 170.375900 -627.613200 0.000000 0.000000000 0.000000000 0.057975973 0.998317979
76.300000 171.739700 -627.454300 0.000000 0.000000000 0.000000000 0.057975973 0.998317979
76.400000 171.739700 -627.454300 0.000000 0.000000000 0.000000000 0.057975973 0.998317979
76.500000 173.103500 -627.295300 0.000000 0.000000000 0.000000000 0.057975973 0.998317979
76.600000 174.467300 -627.136400 0.000000 0.000000000 0.000000000 0.063853529 0.997959281
76.700000 175.831000 -626.977500 0.000000 0.000000000 0.000000000 0.073014469 0.997330882
76.800000 178.558600 -626.659600 0.000000 0.000000000 0.000000000 0.091315117 0.995822047
76.900000 178.558600 -626.659600 0.000000 0.000000000 0.000000000 0.091315117 0.995822047
77.000000 179.976400 -626.397400 0.000000 0.000000000 0.000000000 0.091315117 0.995822047
77.100000 181.394100 -626.135200 0.000000 0.000000000 0.000000000 0.091315117 0.995822047
77.200000 184.229600 -625.610700 0.000000 0.000000000 0.000000000 0.091315117 0.995822047
77.300000 184.229600 -625.610700 0.000000 0.000000000 0.000000000 0.091315117 0.995822047
77.400000 187.065000 -625.086300 0.000000 0.000000000 0.000000000 0.091315117 0.995822047
77.500000 188.482700 -624.824100 0.000000 0.000000000 0.000000000 0.091315117 0.995822047
77.600000 188.482700 -624.824100 0.000000 0.000000000 0.000000000 0.091315117 0.995822047
77.700000 189.900500 -624.561900 0.000000 0.000000000 0.000000000 0.091315117 0.995822047
77.800000 191.318200 -624.299700 0.000000 0.000000000 0.000000000 0.107762831 0.994176630
77.900000 192.735900 -624.037500 0.000000 0.000000000 0.000000000 0.143091145 0.989709515
78.000000 194.153700 -623.775300 0.000000 0.000000000 0.000000000 0.178333459 0.983970110
78.100000 196.821500 -622.940500 0.000000 0.000000000 0.000000000 0.213089499 0.977032684
78.200000 198.071600 -622.368000 0.000000 0.000000000 0.000000000 0.213089499 0.977032684
78.300000 198.071600 -622.368000 0.000000 0.000000000 0.000000000 0.213089499 0.977032684
78.400000 199.321700 -621.795500 0.000000 0.000000000 0.000000000 0.213089499 0.977032684
78.500000 200.571800 -621.223000 0.000000 0.000000000 0.000000000 0.213089499 0.977032684
78.600000 201.821900 -620.650400 0.000000 0.000000000 0.000000000 0.213089499 0.977032684
78.700000 203.072000 -620.077900 0.000000 0.000000000 0.000000000 0.213089499 0.977032684
78.800000 204.322100 -619.505400 0.000000 0.000000000 0.000000000 0.213089499 0.977032684
78.900000 205.572200 -618.932900 0.000000 0.000000000 0.000000000 0.228892669 0.973451666
79.000000 208.072400 -617.787800 0.000000 0.000000000 0.000000000 0.278390062 0.960468101
79.100000 209.322500 -617.215300 0.000000 0.000000000 0.000000000 0.302780737 0.953060242
79.200000 209.322500 -617.215300 0.000000 0.000000000 0.000000000 0.302780737 0.953060242
79.300000 210.486500 -616.392700 0.000000 0.000000000 0.000000000 0.302780737 0.953060242
79.400000 211.650500 -615.570100 0.000000 0.000000000 0.000000000 0.302780737 0.953060242
79.500000 212.814400 -614.747500 0.000000 0.000000000 0.000000000 0.302780737 0.953060242
79.600000 213.978400 -613.924900 0.000000 0.000000000 0.000000000 0.302780737 0.953060242
79.700000 215.142400 -613.102300 0.000000 0.000000000 0.000000000 0.302780737 0.953060242
79.800000 216.306300 -612.279700 0.000000 0.000000000 0.000000000 0.302780737 0.953060242
79.900000 217.470300 -611.457100 0.000000 0.000000000 0.000000000 0.302780737 0.953060242
80.000000 218.634300 -610.634600 0.000000 0.000000000 0.000000000 0.302780737 0.953060242
80.100000 219.798200 -609.812000 0.000000 0.000000000 0.000000000 0.311861866 0.950127453
80.200000 220.962200 -608.989400 0.000000 0.000000000 0.000000000 0.329694534 0.944087662
80.300000 222.126200 -608.166800 0.000000 0.000000000 0.000000000 0.347422521 0.937708692
80.400000 223.290200 -607.344200 0.000000 0.000000000 0.000000000 0.364989942 0.931011462
80.500000 224.385500 -606.329400 0.000000 0.000000000 0.000000000 0.364989942 0.931011462
80.600000 225.480800 -605.314600 0.000000 0.000000000 0.000000000 0.363144428 0.931732861
80.700000 226.576100 -604.299900 0.000000 0.000000000 0.000000000 0.351274963 0.936272343
80.800000 227.671400 -603.285100 0.000000 0.000000000 0.000000000 0.307968490 0.951396557
80.900000 228.766800 -602.270300 0.000000 0.000000000 0.000000000 0.203306722 0.979115099
81.000000 229.904800 -601.293800 0.000000 0.000000000 0.000000000 0.055461028 0.998460853
81.100000 231.855900 -600.326500 0.000000 0.000000000 0.000000000 -0.128004832 0.991773544
81.200000 232.863200 -600.301100 0.000000 0.000000000 0.000000000 -0.169459784 0.985537103
81.300000 232.863200 -600.301100 0.000000 0.000000000 0.000000000 -0.169459784 0.985537103
81.400000 234.021200 -600.558000 0.000000 0.000000000 0.000000000 -0.189871241 0.981809000
81.500000 236.773400 -601.638700 0.000000 0.000000000 0.000000000 -0.195471793 0.980709324
81.600000 236.773400 -601.638700 0.000000 0.000000000 0.000000000 -0.195471793 0.980709324
81.700000 238.119800 -602.197600 0.000000 0.000000000 0.000000000 -0.195471793 0.980709324
81.800000 239.466100 -602.756500 0.000000 0.000000000 0.000000000 -0.195471793 0.980709324
81.900000 242.158700 -603.874200 0.000000 0.000000000 0.000000000 -0.195471793 0.980709324
82.000000 242.158700 -603.874200 0.000000 0.000000000 0.000000000 -0.195471793 0.980709324
82.100000 244.851300 -604.992000 0.000000 0.000000000 0.000000000 -0.195471793 0.980709324
82.200000 246.197600 -605.550900 0.000000 0.000000000 0.000000000 -0.195471793 0.980709324
82.300000 246.197600 -605.550900 0.000000 0.000000000 0.000000000 -0.195471793 0.980709324
82.400000 247.543900 -606.109800 0.000000 0.000000000 0.000000000 -0.195471793 0.980709324
82.500000 248.890200 -606.668700 0.000000 0.000000000 0.000000000 -0.195471793 0.980709324
82.600000 250.236500 -607.227600 0.000000 0.000000000 0.000000000 -0.195471793 0.980709324
82.700000 251.582800 -607.786400 0.000000 0.000000000 0.000000000 -0.195471793 0.980709324
82.800000 252.929100 -608.345300 0.000000 0.000000000 0.000000000 -0.195471793 0.980709324
82.900000 254.275400 -608.904200 0.000000 0.000000000 0.000000000 -0.195471793 0.980709324
83.000000 255.621700 -609.463100 0.000000 0.000000000 0.000000000 -0.195471793 0.980709324
83.100000 256.968000 -610.022000 0.000000 0.000000000 0.000000000 -0.195471793 0.980709324
83.200000 258.314300 -610.580900 0.000000 0.000000000 0.000000000 -0.195471793 0.980709324
83.300000 259.660600 -611.139800 0.000000 0.000000000 0.000000000 -0.195471793 0.980709324
83.400000 261.007000 -611.698600 0.000000 0.000000000 0.000000000 -0.195328607 0.980737852
83.500000 262.353300 -612.257500 0.000000 0.000000000 0.000000000 -0.194995635 0.980804110
83.600000 263.699600 -612.816400 0.000000 0.000000000 0.000000000 -0.194662641 0.980870255
83.700000 265.045900 -613.375300 0.000000 0.000000000 0.000000000 -0.194329624 0.980936286
83.800000 266.388400 -613.929000 0.000000 0.000000000 0.000000000 -0.194329624 0.980936286
83.900000 267.731000 -614.482600 0.000000 0.000000000 0.000000000 -0.194329624 0.980936286
84.000000 269.073600 -615.036300 0.000000 0.000000000 0.000000000 -0.194329624 0.980936286
84.100000 270.416100 -615.590000 0.000000 0.000000000 0.000000000 -0.194329624 0.980936286
84.200000 271.758700 -616.143700 0.000000 0.000000000 0.000000000 -0.194329624 0.980936286
84.300000 273.101300 -616.697300 0.000000 0.000000000 0.000000000 -0.194329624 0.980936286
84.400000 274.443800 -617.251000 0.000000 0.000000000 0.000000000 -0.194329624 0.980936286
84.500000 275.786400 -617.804700 0.000000 0.000000000 0.000000000 -0.194329624 0.980936286
84.600000 277.129000 -618.358400 0.000000 0.000000000 0.000000000 -0.194329624 0.980936286
84.700000 278.471500 -618.912000 0.000000 0.000000000 0.000000000 -0.194329624 0.980936286
84.800000 279.814100 -619.465700 0.000000 0.000000000 0.000000000 -0.194329624 0.980936286
84.900000 281.156700 -620.019400 0.000000 0.000000000 0.000000000 -0.194329624 0.980936286
85.000000 282.499300 -620.573000 0.000000 0.000000000 0.000000000 -0.194329624 0.980936286
85.100000 283.841800 -621.126700 0.000000 0.000000000 0.000000000 -0.194329624 0.980936286
85.200000 285.184400 -621.680400 0.000000 0.000000000 0.000000000 -0.194329624 0.980936286
85.300000 286.527000 -622.234100 0.000000 0.000000000 0.000000000 -0.194329624 0.980936286
85.400000 287.869500 -622.787700 0.000000 0.000000000 0.000000000 -0.194329624 0.980936286
85.500000 289.212100 -623.341400 0.000000 0.000000000 0.000000000 -0.194329624 0.980936286
85.600000 290.554700 -623.895100 0.000000 0.000000000 0.000000000 -0.194329624 0.980936286
85.700000 291.897200 -624.448700 0.000000 0.000000000 0.000000000 -0.194329624 0.980936286
85.800000 293.239800 -625.002400 0.000000 0.000000000 0.000000000 -0.194329624 0.980936286
85.900000 294.582400 -625.556100 0.000000 0.000000000 0.000000000 -0.194329624 0.980936286
86.000000 295.924900 -626.109800 0.000000 0.000000000 0.000000000 -0.194329624 0.980936286
86.100000 297.267500 -626.663400 0.000000 0.000000000 0.000000000 -0.194329624 0.980936286
86.200000 298.610100 -627.217100 0.000000 0.000000000 0.000000000 -0.194329624 0.980936286
86.300000 299.952600 -627.770800 0.000000 0.000000000 0.000000000 -0.194329624 0.980936286
86.400000 301.295200 -628.324400 0.000000 0.000000000 0.000000000 -0.201636547 0.979460414
86.500000 302.637800 -628.878100 0.000000 0.000000000 0.000000000 -0.218121297 0.975921667
86.600000 305.322900 -629.985500 0.000000 0.000000000 0.000000000 -0.250894305 0.968014487
86.700000 305.322900 -629.985500 0.000000 0.000000000 0.000000000 -0.250894305 0.968014487
86.800000 306.626700 -630.710000 0.000000 0.000000000 0.000000000 -0.250894305 0.968014487
86.900000 307.930400 -631.434500 0.000000 0.000000000 0.000000000 -0.250894305 0.968014487
87.000000 309.234200 -632.158900 0.000000 0.000000000 0.000000000 -0.250894305 0.968014487
87.100000 310.537900 -632.883400 0.000000 0.000000000 0.000000000 -0.250894305 0.968014487
87.200000 311.841700 -633.607900 0.000000 0.000000000 0.000000000 -0.250894305 0.968014487
87.300000 314.449200 -635.056900 0.000000 0.000000000 0.000000000 -0.250894305 0.968014487
87.400000 315.753000 -635.781400 0.000000 0.000000000 0.000000000 -0.250894305 0.968014487
87.500000 317.056700 -636.505900 0.000000 0.000000000 0.000000000 -0.250894305 0.968014487
87.600000 318.360500 -637.230400 0.000000 0.000000000 0.000000000 -0.250894305 0.968014487
87.700000 318.360500 -637.230400 0.000000 0.000000000 0.000000000 -0.250894305 0.968014487
87.800000 319.664200 -637.954900 0.000000 0.000000000 0.000000000 -0.250894305 0.968014487
87.900000 320.968000 -638.679400 0.000000 0.000000000 0.000000000 -0.250894305 0.968014487
88.000000 322.271700 -639.403900 0.000000 0.000000000 0.000000000 -0.250894305 0.968014487
88.100000 323.575500 -640.128400 0.000000 0.000000000 0.000000000 -0.250894305 0.968014487
88.200000 324.879300 -640.852900 0.000000 0.000000000 0.000000000 -0.250894305 0.968014487
88.300000 326.183000 -641.577400 0.000000 0.000000000 0.000000000 -0.250894305 0.968014487
88.400000 327.486800 -642.301900 0.000000 0.000000000 0.000000000 -0.250894305 0.968014487
88.500000 328.790500 -643.026400 0.000000 0.000000000 0.000000000 -0.250894305 0.968014487
88.600000 330.094300 -643.750900 0.000000 0.000000000 0.000000000 -0.250894305 0.968014487
88.700000 331.398000 -644.475400 0.000000 0.000000000 0.000000000 -0.250894305 0.968014487
88.800000 332.701800 -645.199900 0.000000 0.000000000 0.000000000 -0.250894305 0.968014487
88.900000 334.005500 -645.924400 0.000000 0.000000000 0.000000000 -0.250894305 0.968014487
89.000000 339.220600 -648.822300 0.000000 0.000000000 0.000000000 -0.250894305 0.968014487
89.100000 340.524300 -649.546800 0.000000 0.000000000 0.000000000 -0.250894305 0.968014487
89.200000 341.828100 -650.271300 0.000000 0.000000000 0.000000000 -0.250894305 0.968014487
89.300000 343.131800 -650.995800 0.000000 0.000000000 0.000000000 -0.250894305 0.968014487
89.400000 344.435600 -651.720300 0.000000 0.000000000 0.000000000 -0.250894305 0.968014487
89.500000 345.739400 -652.444800 0.000000 0.000000000 0.000000000 -0.250894305 0.968014487
89.600000 347.043100 -653.169300 0.000000 0.000000000 0.000000000 -0.250894305 0.968014487
89.700000 348.346900 -653.893800 0.000000 0.000000000 0.000000000 -0.250894305 0.968014487
89.800000 349.650600 -654.618300 0.000000 0.000000000 0.000000000 -0.250894305 0.968014487
89.900000 350.954400 -655.342800 0.000000 0.000000000 0.000000000 -0.250894305 0.968014487
90.000000 352.258100 -656.067300 0.000000 0.000000000 0.000000000 -0.248855596 0.968540599
90.100000 348.346900 -653.893800 0.000000 0.000000000 0.000000000 -0.250894305 0.968014487
90.200000 349.650600 -654.618300 0.000000 0.000000000 0.000000000 -0.250894305 0.968014487
90.300000 350.954400 -655.342800 0.000000 0.000000000 0.000000000 -0.250894305 0.968014487
90.400000 353.561900 -656.791800 0.000000 0.000000000 0.000000000 -0.243061733 0.970010821
90.500000 354.865600 -657.516300 0.000000 0.000000000 0.000000000 -0.237258700 0.971446504
90.600000 356.169400 -658.240800 0.000000 0.000000000 0.000000000 -0.231448161 0.972847238
90.700000 358.809700 -659.572400 0.000000 0.000000000 0.000000000 -0.231448161 0.972847238
90.800000 358.809700 -659.572400 0.000000 0.000000000 0.000000000 -0.231448161 0.972847238
90.900000 360.129800 -660.238300 0.000000 0.000000000 0.000000000 -0.231448161 0.972847238
91.000000 361.450000 -660.904100 0.000000 0.000000000 0.000000000 -0.231448161 0.972847238
91.100000 362.770100 -661.569900 0.000000 0.000000000 0.000000000 -0.231448161 0.972847238
91.200000 364.090300 -662.235800 0.000000 0.000000000 0.000000000 -0.231448161 0.972847238
91.300000 365.410400 -662.901600 0.000000 0.000000000 0.000000000 -0.231448161 0.972847238
91.400000 366.730600 -663.567400 0.000000 0.000000000 0.000000000 -0.231448161 0.972847238
91.500000 368.050700 -664.233300 0.000000 0.000000000 0.000000000 -0.231448161 0.972847238
91.600000 369.370900 -664.899100 0.000000 0.000000000 0.000000000 -0.231448161 0.972847238
91.700000 372.011200 -666.230800 0.000000 0.000000000 0.000000000 -0.231448161 0.972847238
91.800000 372.011200 -666.230800 0.000000 0.000000000 0.000000000 -0.231448161 0.972847238
91.900000 374.651500 -667.562400 0.000000 0.000000000 0.000000000 -0.231448161 0.972847238
92.000000 374.651500 -667.562400 0.000000 0.000000000 0.000000000 -0.231448161 0.972847238
92.100000 377.291700 -668.894100 0.000000 0.000000000 0.000000000 -0.231448161 0.972847238
92.200000 377.291700 -668.894100 0.000000 0.000000000 0.000000000 -0.231448161 0.972847238
92.300000 379.932000 -670.225800 0.000000 0.000000000 0.000000000 -0.231448161 0.972847238
92.400000 379.932000 -670.225800 0.000000 0.000000000 0.000000000 -0.231448161 0.972847238
92.500000 382.572300 -671.557400 0.000000 0.000000000 0.000000000 -0.231448161 0.972847238
92.600000 383.892500 -672.223300 0.000000 0.000000000 0.000000000 -0.231448161 0.972847238
92.700000 383.892500 -672.223300 0.000000 0.000000000 0.000000000 -0.231448161 0.972847238
92.800000 385.212600 -672.889100 0.000000 0.000000000 0.000000000 -0.231448161 0.972847238
92.900000 386.532800 -673.554900 0.000000 0.000000000 0.000000000 -0.231448161 0.972847238
93.000000 387.852900 -674.220800 0.000000 0.000000000 0.000000000 -0.231448161 0.972847238
93.100000 389.173100 -674.886600 0.000000 0.000000000 0.000000000 -0.231448161 0.972847238
93.200000 390.493200 -675.552400 0.000000 0.000000000 0.000000000 -0.231448161 0.972847238
93.300000 391.813400 -676.218300 0.000000 0.000000000 0.000000000 -0.231448161 0.972847238
93.400000 393.133500 -676.884100 0.000000 0.000000000 0.000000000 -0.231448161 0.972847238
93.500000 394.453700 -677.549900 0.000000 0.000000000 0.000000000 -0.231448161 0.972847238
93.600000 395.773800 -678.215800 0.000000 0.000000000 0.000000000 -0.231448161 0.972847238
93.700000 397.093900 -678.881600 0.000000 0.000000000 0.000000000 -0.231448161 0.972847238
93.800000 398.414100 -679.547400 0.000000 0.000000000 0.000000000 -0.231448161 0.972847238
93.900000 399.734200 -680.213300 0.000000 0.000000000 0.000000000 -0.231448161 0.972847238
94.000000 401.054400 -680.879100 0.000000 0.000000000 0.000000000 -0.231448161 0.972847238
94.100000 402.374500 -681.544900 0.000000 0.000000000 0.000000000 -0.231448161 0.972847238
94.200000 403.694700 -682.210800 0.000000 0.000000000 0.000000000 -0.231448161 0.972847238
94.300000 405.014800 -682.876600 0.000000 0.000000000 0.000000000 -0.231448161 0.972847238
94.400000 405.014800 -682.876600 0.000000 0.000000000 0.000000000 -0.231448161 0.972847238
94.500000 407.655100 -684.208300 0.000000 0.000000000 0.000000000 -0.231448161 0.972847238
94.600000 407.655100 -684.208300 0.000000 0.000000000 0.000000000 -0.231448161 0.972847238
94.700000 408.975300 -684.874100 0.000000 0.000000000 0.000000000 -0.231448161 0.972847238
94.800000 412.935700 -686.871600 0.000000 0.000000000 0.000000000 -0.231448161 0.972847238
94.900000 412.935700 -686.871600 0.000000 0.000000000 0.000000000 -0.231448161 0.972847238
95.000000 415.576000 -688.203300 0.000000 0.000000000 0.000000000 -0.231448161 0.972847238
95.100000 416.896100 -688.869100 0.000000 0.000000000 0.000000000 -0.231448161 0.972847238
95.200000 418.216300 -689.534900 0.000000 0.000000000 0.000000000 -0.231448161 0.972847238
95.300000 419.536400 -690.200800 0.000000 0.000000000 0.000000000 -0.231448161 0.972847238
95.400000 419.536400 -690.200800 0.000000 0.000000000 0.000000000 -0.231448161 0.972847238
95.500000 420.856600 -690.866600 0.000000 0.000000000 0.000000000 -0.231448161 0.972847238
95.600000 422.176700 -691.532500 0.000000 0.000000000 0.000000000 -0.231448161 0.972847238
95.700000 423.496900 -692.198300 0.000000 0.000000000 0.000000000 -0.231448161 0.972847238
95.800000 424.817000 -692.864100 0.000000 0.000000000 0.000000000 -0.231448161 0.972847238
95.900000 426.137200 -693.530000 0.000000 0.000000000 0.000000000 -0.231448161 0.972847238
96.000000 427.457300 -694.195800 0.000000 0.000000000 0.000000000 -0.231448161 0.972847238
96.100000 428.777500 -694.861600 0.000000 0.000000000 0.000000000 -0.231448161 0.972847238
96.200000 430.097600 -695.527500 0.000000 0.000000000 0.000000000 -0.231448161 0.972847238
96.300000 431.417800 -696.193300 0.000000 0.000000000 0.000000000 -0.231448161 0.972847238
96.400000 434.058100 -697.525000 0.000000 0.000000000 0.000000000 -0.231448161 0.972847238
96.500000 434.058100 -697.525000 0.000000 0.000000000 0.000000000 -0.231448161 0.972847238
96.600000 435.378200 -698.190800 0.000000 0.000000000 0.000000000 -0.231448161 0.972847238
96.700000 436.698300 -698.856600 0.000000 0.000000000 0.000000000 -0.231448161 0.972847238
96.800000 438.018500 -699.522500 0.000000 0.000000000 0.000000000 -0.231448161 0.972847238
96.900000 439.338600 -700.188300 0.000000 0.000000000 0.000000000 -0.223436805 0.974718418
97.000000 440.658800 -700.854100 0.000000 0.000000000 0.000000000 -0.202315754 0.979320344
97.100000 441.978900 -701.520000 0.000000 0.000000000 0.000000000 -0.181075580 0.983469183
97.200000 443.299100 -702.185800 0.000000 0.000000000 0.000000000 -0.159805877 0.987148460
97.300000 447.407900 -703.551900 0.000000 0.000000000 0.000000000 -0.159805877 0.987148460
97.400000 444.668700 -702.641200 0.000000 0.000000000 0.000000000 -0.159805877 0.987148460
97.500000 446.038300 -703.096500 0.000000 0.000000000 0.000000000 -0.159805877 0.987148460
97.600000 447.407900 -703.551900 0.000000 0.000000000 0.000000000 -0.159805877 0.987148460
97.700000 448.777500 -704.007300 0.000000 0.000000000 0.000000000 -0.159805877 0.987148460
97.800000 450.147100 -704.462700 0.000000 0.000000000 0.000000000 -0.159805877 0.987148460
97.900000 455.625600 -706.284200 0.000000 0.000000000 0.000000000 -0.159805877 0.987148460
98.000000 456.995200 -706.739600 0.000000 0.000000000 0.000000000 -0.159805877 0.987148460
98.100000 458.364800 -707.194900 0.000000 0.000000000 0.000000000 -0.159805877 0.987148460
98.200000 459.734400 -707.650300 0.000000 0.000000000 0.000000000 -0.159805877 0.987148460
98.300000 461.104100 -708.105700 0.000000 0.000000000 0.000000000 -0.159805877 0.987148460
98.400000 462.473700 -708.561100 0.000000 0.000000000 0.000000000 -0.159805877 0.987148460
98.500000 463.843300 -709.016500 0.000000 0.000000000 0.000000000 -0.159805877 0.987148460
98.600000 463.843300 -709.016500 0.000000 0.000000000 0.000000000 -0.159805877 0.987148460
98.700000 465.212900 -709.471800 0.000000 0.000000000 0.000000000 -0.159805877 0.987148460
98.800000 466.582500 -709.927200 0.000000 0.000000000 0.000000000 -0.159805877 0.987148460
98.900000 467.952100 -710.382600 0.000000 0.000000000 0.000000000 -0.159805877 0.987148460
99.000000 469.321700 -710.838000 0.000000 0.000000000 0.000000000 -0.159805877 0.987148460
99.100000 469.321700 -710.838000 0.000000 0.000000000 0.000000000 -0.159805877 0.987148460
99.200000 472.061000 -711.748700 0.000000 0.000000000 0.000000000 -0.073056357 0.997327814
99.300000 473.430600 -712.204100 0.000000 0.000000000 0.000000000 -0.012543671 0.999921325
99.400000 473.430600 -712.204100 0.000000 0.000000000 0.000000000 -0.012543671 0.999921325
99.500000 476.159000 -712.532000 0.000000 0.000000000 0.000000000 0.046745459 0.998906834
99.600000 476.159000 -712.532000 0.000000 0.000000000 0.000000000 0.046745459 0.998906834
99.700000 478.876600 -712.277100 0.000000 0.000000000 0.000000000 0.046745459 0.998906834
99.800000 480.235400 -712.149700 0.000000 0.000000000 0.000000000 0.046745459 0.998906834
99.900000 480.235400 -712.149700 0.000000 0.000000000 0.000000000 0.046745459 0.998906834
100.000000 482.953000 -711.894800 0.000000 0.000000000 0.000000000 0.046745459 0.998906834
100.100000 482.953000 -711.894800 0.000000 0.000000000 0.000000000 0.046745459 0.998906834
100.200000 484.311800 -711.767300 0.000000 0.000000000 0.000000000 0.046745459 0.998906834
100.300000 485.670600 -711.639900 0.000000 0.000000000 0.000000000 0.063278694 0.997995895
100.400000 487.029400 -711.512400 0.000000 0.000000000 0.000000000 0.088266483 0.996096897
100.500000 488.388200 -711.385000 0.000000 0.000000000 0.000000000 0.113220202 0.993569920
100.600000 489.747000 -711.257500 0.000000 0.000000000 0.000000000 0.137999199 0.990432340
100.700000 491.186200 -710.848500 0.000000 0.000000000 0.000000000 0.137999199 0.990432340
100.800000 492.625400 -710.439500 0.000000 0.000000000 0.000000000 0.137999199 0.990432340
100.900000 494.064600 -710.030500 0.000000 0.000000000 0.000000000 0.137999199 0.990432340
101.000000 495.503900 -709.621500 0.000000 0.000000000 0.000000000 0.137999199 0.990432340
101.100000 496.943100 -709.212500 0.000000 0.000000000 0.000000000 0.137999199 0.990432340
101.200000 498.382300 -708.803500 0.000000 0.000000000 0.000000000 0.150371466 0.988629568
101.300000 499.821600 -708.394500 0.000000 0.000000000 0.000000000 0.186722591 0.982412680
101.400000 501.260800 -707.985500 0.000000 0.000000000 0.000000000 0.222949905 0.974829903
101.500000 502.700000 -707.576500 0.000000 0.000000000 0.000000000 0.258610507 0.965981680
101.600000 503.817700 -706.931800 0.000000 0.000000000 0.000000000 0.258610507 0.965981680
101.700000 504.935400 -706.287100 0.000000 0.000000000 0.000000000 0.258610507 0.965981680
101.800000 506.053100 -705.642500 0.000000 0.000000000 0.000000000 0.283932572 0.958844249
101.900000 507.170800 -704.997800 0.000000 0.000000000 0.000000000 0.312827984 0.949809798
102.000000 509.406200 -703.708500 0.000000 0.000000000 0.000000000 0.369565153 0.929204820
102.100000 509.406200 -703.708500 0.000000 0.000000000 0.000000000 0.369565153 0.929204820
102.200000 510.474500 -702.699100 0.000000 0.000000000 0.000000000 0.369565153 0.929204820
102.300000 512.611000 -700.680300 0.000000 0.000000000 0.000000000 0.369565153 0.929204820
102.400000 512.611000 -700.680300 0.000000 0.000000000 0.000000000 0.369565153 0.929204820
102.500000 513.679300 -699.670800 0.000000 0.000000000 0.000000000 0.376249961 0.926518196
102.600000 514.747500 -698.661400 0.000000 0.000000000 0.000000000 0.392826813 0.919612470
102.700000 515.815800 -697.652000 0.000000 0.000000000 0.000000000 0.409289761 0.912404456
102.800000 516.884100 -696.642600 0.000000 0.000000000 0.000000000 0.425591104 0.904915583
102.900000 517.760700 -695.583900 0.000000 0.000000000 0.000000000 0.425591104 0.904915583
103.000000 518.637300 -694.525100 0.000000 0.000000000 0.000000000 0.434095499 0.900866859
103.100000 519.513900 -693.466400 0.000000 0.000000000 0.000000000 0.447376724 0.894345608
103.200000 520.390500 -692.407600 0.000000 0.000000000 0.000000000 0.460564447 0.887626267
103.300000 521.267100 -691.348900 0.000000 0.000000000 0.000000000 0.473632782 0.880722424
103.400000 522.063600 -690.143600 0.000000 0.000000000 0.000000000 0.473632782 0.880722424
103.500000 523.656600 -687.733200 0.000000 0.000000000 0.000000000 0.473632782 0.880722424
103.600000 524.453100 -686.527900 0.000000 0.000000000 0.000000000 0.473632782 0.880722424
103.700000 524.453100 -686.527900 0.000000 0.000000000 0.000000000 0.473632782 0.880722424
103.800000 525.249600 -685.322700 0.000000 0.000000000 0.000000000 0.491826268 0.870693357
103.900000 526.046100 -684.117400 0.000000 0.000000000 0.000000000 0.531057833 0.847335576
104.000000 526.842600 -682.912200 0.000000 0.000000000 0.000000000 0.569352486 0.822093514
104.100000 527.639100 -681.707000 0.000000 0.000000000 0.000000000 0.606007244 0.795459125
104.200000 528.015100 -680.341700 0.000000 0.000000000 0.000000000 0.606007244 0.795459125
104.300000 528.391100 -678.976500 0.000000 0.000000000 0.000000000 0.606007244 0.795459125
104.400000 528.767100 -677.611300 0.000000 0.000000000 0.000000000 0.606007244 0.795459125
104.500000 529.143000 -676.246100 0.000000 0.000000000 0.000000000 0.606007244 0.795459125
104.600000 529.895000 -673.515600 0.000000 0.000000000 0.000000000 0.606007244 0.795459125
104.700000 529.895000 -673.515600 0.000000 0.000000000 0.000000000 0.606007244 0.795459125
104.800000 530.271000 -672.150400 0.000000 0.000000000 0.000000000 0.606007244 0.795459125
104.900000 530.646900 -670.785200 0.000000 0.000000000 0.000000000 0.606007244 0.795459125
105.000000 531.022900 -669.419900 0.000000 0.000000000 0.000000000 0.627956770 0.778248222
105.100000 531.398900 -668.054700 0.000000 0.000000000 0.000000000 0.668701860 0.743530647
105.200000 532.150800 -665.324300 0.000000 0.000000000 0.000000000 0.744094882 0.668073953
105.300000 532.150800 -665.324300 0.000000 0.000000000 0.000000000 0.744094882 0.668073953
105.400000 531.990000 -663.834800 0.000000 0.000000000 0.000000000 0.744094882 0.668073953
105.500000 531.668400 -660.855900 0.000000 0.000000000 0.000000000 0.744094882 0.668073953
105.600000 531.668400 -660.855900 0.000000 0.000000000 0.000000000 0.744094882 0.668073953
105.700000 531.346700 -657.877000 0.000000 0.000000000 0.000000000 0.744094882 0.668073953
105.800000 531.346700 -657.877000 0.000000 0.000000000 0.000000000 0.744094882 0.668073953
105.900000 531.185900 -656.387600 0.000000 0.000000000 0.000000000 0.744094882 0.668073953
106.000000 531.025100 -654.898100 0.000000 0.000000000 0.000000000 0.744094882 0.668073953
106.100000 530.703400 -651.919200 0.000000 0.000000000 0.000000000 0.744094882 0.668073953
106.200000 530.703400 -651.919200 0.000000 0.000000000 0.000000000 0.744094882 0.668073953
106.300000 530.542600 -650.429800 0.000000 0.000000000 0.000000000 0.744094882 0.668073953
106.400000 530.381700 -648.940300 0.000000 0.000000000 0.000000000 0.744094882 0.668073953
106.500000 530.220900 -647.450900 0.000000 0.000000000 0.000000000 0.744094882 0.668073953
106.600000 530.060100 -645.961400 0.000000 0.000000000 0.000000000 0.753228030 0.657759481
106.700000 529.899300 -644.472000 0.000000 0.000000000 0.000000000 0.779699964 0.626153309
106.800000 529.577600 -641.493100 0.000000 0.000000000 0.000000000 0.828624449 0.559804897
106.900000 529.027100 -640.124700 0.000000 0.000000000 0.000000000 0.828624449 0.559804897
107.000000 528.476600 -638.756300 0.000000 0.000000000 0.000000000 0.828624449 0.559804897
107.100000 527.926100 -637.387900 0.000000 0.000000000 0.000000000 0.828624449 0.559804897
107.200000 527.375500 -636.019500 0.000000 0.000000000 0.000000000 0.828624449 0.559804897
107.300000 526.825000 -634.651100 0.000000 0.000000000 0.000000000 0.828624449 0.559804897
107.400000 526.274500 -633.282800 0.000000 0.000000000 0.000000000 0.828624449 0.559804897
107.500000 525.724000 -631.914400 0.000000 0.000000000 0.000000000 0.828624449 0.559804897
107.600000 524.623000 -629.177600 0.000000 0.000000000 0.000000000 0.828624449 0.559804897
107.700000 524.623000 -629.177600 0.000000 0.000000000 0.000000000 0.828624449 0.559804897
107.800000 524.072500 -627.809200 0.000000 0.000000000 0.000000000 0.828624449 0.559804897
107.900000 523.521900 -626.440800 0.000000 0.000000000 0.000000000 0.828624449 0.559804897
108.000000 522.971400 -625.072500 0.000000 0.000000000 0.000000000 0.828624449 0.559804897
108.100000 522.420900 -623.704100 0.000000 0.000000000 0.000000000 0.828624449 0.559804897
108.200000 521.870400 -622.335700 0.000000 0.000000000 0.000000000 0.828624449 0.559804897
108.300000 521.319900 -620.967300 0.000000 0.000000000 0.000000000 0.828624449 0.559804897
108.400000 520.769400 -619.598900 0.000000 0.000000000 0.000000000 0.828624449 0.559804897
108.500000 520.218900 -618.230500 0.000000 0.000000000 0.000000000 0.828624449 0.559804897
108.600000 519.668400 -616.862100 0.000000 0.000000000 0.000000000 0.828624449 0.559804897
108.700000 519.117800 -615.493800 0.000000 0.000000000 0.000000000 0.831080674 0.556151880
108.800000 518.567300 -614.125400 0.000000 0.000000000 0.000000000 0.837311450 0.546726198
108.900000 518.016800 -612.757000 0.000000 0.000000000 0.000000000 0.843437210 0.537227766
109.000000 381.740600 -564.742100 0.000000 0.000000000 0.000000000 0.926397249 0.376547656
