2.500000 468.336800 -607.747200 0.000000 0.000000000 0.000000000 -0.972762619 0.231803553
2.600000 468.336800 -607.747200 0.000000 0.000000000 0.000000000 -0.972762619 0.231803553
2.700000 467.080000 -608.382200 0.000000 0.000000000 0.000000000 -0.972956760 0.230987323
2.800000 464.566500 -609.652300 0.000000 0.000000000 0.000000000 -0.973656175 0.228021170
2.900000 463.309700 -610.287300 0.000000 0.000000000 0.000000000 -0.974002548 0.226537053
3.000000 463.309700 -610.287300 0.000000 0.000000000 0.000000000 -0.974002548 0.226537053
3.100000 462.053400 -610.905100 0.000000 0.000000000 0.000000000 -0.974002548 0.226537053
3.200000 460.797200 -611.522900 0.000000 0.000000000 0.000000000 -0.974002548 0.226537053
3.300000 459.540900 -612.140700 0.000000 0.000000000 0.000000000 -0.974002548 0.226537053
3.400000 458.284700 -612.758500 0.000000 0.000000000 0.000000000 -0.974002548 0.226537053
3.500000 457.028400 -613.376300 0.000000 0.000000000 0.000000000 -0.974002548 0.226537053
3.600000 455.772100 -613.994100 0.000000 0.000000000 0.000000000 -0.974002548 0.226537053
3.700000 453.259600 -615.229600 0.000000 0.000000000 0.000000000 -0.974002548 0.226537053
3.800000 453.259600 -615.229600 0.000000 0.000000000 0.000000000 -0.974002548 0.226537053
3.900000 452.003400 -615.847400 0.000000 0.000000000 0.000000000 -0.965441074 0.260621435
4.000000 450.747100 -616.465200 0.000000 0.000000000 0.000000000 -0.947067268 0.321035184
4.100000 449.490800 -617.083000 0.000000 0.000000000 0.000000000 -0.924750887 0.380572984
4.200000 448.234600 -617.700800 0.000000 0.000000000 0.000000000 -0.899384713 0.437158024
4.300000 447.376700 -618.792700 0.000000 0.000000000 0.000000000 -0.899384713 0.437158024
4.400000 445.661000 -620.976500 0.000000 0.000000000 0.000000000 -0.899384713 0.437158024
4.500000 444.803200 -622.068500 0.000000 0.000000000 0.000000000 -0.899384713 0.437158024
4.600000 444.803200 -622.068500 0.000000 0.000000000 0.000000000 -0.899384713 0.437158024
4.700000 443.945300 -623.160400 0.000000 0.000000000 0.000000000 -0.899384713 0.437158024
4.800000 443.087500 -624.252300 0.000000 0.000000000 0.000000000 -0.899384713 0.437158024
4.900000 442.229600 -625.344200 0.000000 0.000000000 0.000000000 -0.915500617 0.402316568
5.000000 441.371800 -626.436100 0.000000 0.000000000 0.000000000 -0.939975158 0.341242878
5.100000 440.513900 -627.528000 0.000000 0.000000000 0.000000000 -0.960508784 0.278249665
5.200000 439.656100 -628.619900 0.000000 0.000000000 0.000000000 -0.976437421 0.215800748
5.300000 438.296300 -629.251800 0.000000 0.000000000 0.000000000 -0.976437421 0.215800748
5.400000 436.936400 -629.883800 0.000000 0.000000000 0.000000000 -0.976437421 0.215800748
5.500000 435.576600 -630.515700 0.000000 0.000000000 0.000000000 -0.976437421 0.215800748
5.600000 434.216800 -631.147600 0.000000 0.000000000 0.000000000 -0.976437421 0.215800748
5.700000 435.576600 -630.515700 0.000000 0.000000000 0.000000000 -0.976437421 0.215800748
5.800000 431.497100 -632.411500 0.000000 0.000000000 0.000000000 -0.995094273 0.098931232
5.900000 430.137300 -633.043400 0.000000 0.000000000 0.000000000 -0.999973367 0.007298262
6.000000 428.777400 -633.675400 0.000000 0.000000000 0.000000000 0.996755846 0.080484679
6.100000 425.940600 -633.214200 0.000000 0.000000000 0.000000000 0.996755846 0.080484679
6.200000 425.940600 -633.214200 0.000000 0.000000000 0.000000000 0.996755846 0.080484679
6.300000 418.848500 -632.061400 0.000000 0.000000000 0.000000000 0.996755846 0.080484679
6.400000 414.593200 -631.369700 0.000000 0.000000000 0.000000000 0.956842742 0.290606208
6.500000 414.593200 -631.369700 0.000000 0.000000000 0.000000000 0.956842742 0.290606208
6.600000 416.011600 -631.600300 0.000000 0.000000000 0.000000000 0.978689933 0.205343650
6.700000 418.848500 -632.061400 0.000000 0.000000000 0.000000000 0.996755846 0.080484679
6.800000 417.430100 -631.830800 0.000000 0.000000000 0.000000000 0.992789490 0.119870883
6.900000 414.593200 -631.369700 0.000000 0.000000000 0.000000000 0.956842742 0.290606208
7.000000 414.593200 -631.369700 0.000000 0.000000000 0.000000000 0.956842742 0.290606208
7.100000 413.174800 -631.139100 0.000000 0.000000000 0.000000000 0.929011104 0.370051845
7.200000 411.111300 -629.185200 0.000000 0.000000000 0.000000000 0.929011104 0.370051845
7.300000 410.079600 -628.208300 0.000000 0.000000000 0.000000000 0.929011104 0.370051845
7.400000 410.079600 -628.208300 0.000000 0.000000000 0.000000000 0.929011104 0.370051845
7.500000 409.047900 -627.231300 0.000000 0.000000000 0.000000000 0.911481111 0.411341931
7.600000 408.016100 -626.254400 0.000000 0.000000000 0.000000000 0.870195515 0.492706572
7.700000 406.984400 -625.277500 0.000000 0.000000000 0.000000000 0.820808206 0.571203895
7.800000 405.952700 -624.300500 0.000000 0.000000000 0.000000000 0.767310129 0.641276202
7.900000 405.704900 -622.927200 0.000000 0.000000000 0.000000000 0.767310129 0.641276202
8.000000 405.209500 -620.180600 0.000000 0.000000000 0.000000000 0.767310129 0.641276202
8.100000 405.209500 -620.180600 0.000000 0.000000000 0.000000000 0.767310129 0.641276202
8.200000 404.961700 -618.807300 0.000000 0.000000000 0.000000000 0.767310129 0.641276202
8.300000 404.714000 -617.433900 0.000000 0.000000000 0.000000000 0.767310129 0.641276202
8.400000 404.466200 -616.060600 0.000000 0.000000000 0.000000000 0.767310129 0.641276202
8.500000 403.970800 -613.314000 0.000000 0.000000000 0.000000000 0.747273782 0.664516286
8.600000 403.970800 -613.314000 0.000000 0.000000000 0.000000000 0.747273782 0.664516286
8.700000 403.723000 -611.940700 0.000000 0.000000000 0.000000000 0.734232174 0.678898457
8.800000 403.416500 -609.082400 0.000000 0.000000000 0.000000000 0.720945690 0.692991568
8.900000 403.416500 -609.082400 0.000000 0.000000000 0.000000000 0.720945690 0.692991568
9.000000 403.299100 -606.112500 0.000000 0.000000000 0.000000000 0.720945690 0.692991568
9.100000 403.240300 -604.627600 0.000000 0.000000000 0.000000000 0.720945690 0.692991568
9.200000 403.240300 -604.627600 0.000000 0.000000000 0.000000000 0.720945690 0.692991568
9.300000 403.181600 -603.142700 0.000000 0.000000000 0.000000000 0.720945690 0.692991568
9.400000 403.064100 -600.172800 0.000000 0.000000000 0.000000000 0.720945690 0.692991568
9.500000 403.064100 -600.172800 0.000000 0.000000000 0.000000000 0.720945690 0.692991568
9.600000 403.005400 -598.687900 0.000000 0.000000000 0.000000000 0.720945690 0.692991568
9.700000 402.887900 -595.718000 0.000000 0.000000000 0.000000000 0.779157422 0.626828295
9.800000 402.829200 -594.233000 0.000000 0.000000000 0.000000000 0.818661860 0.574275855
9.900000 402.829200 -594.233000 0.000000 0.000000000 0.000000000 0.818661860 0.574275855
10.000000 402.770400 -592.748100 0.000000 0.000000000 0.000000000 0.853842199 0.520531939
10.100000 402.120500 -591.486900 0.000000 0.000000000 0.000000000 0.853842199 0.520531939
10.200000 400.820600 -588.964600 0.000000 0.000000000 0.000000000 0.853842199 0.520531939
10.300000 400.820600 -588.964600 0.000000 0.000000000 0.000000000 0.853842199 0.520531939
10.400000 400.170700 -587.703400 0.000000 0.000000000 0.000000000 0.853842199 0.520531939
10.500000 399.520700 -586.442300 0.000000 0.000000000 0.000000000 0.853842199 0.520531939
10.600000 398.870800 -585.181100 0.000000 0.000000000 0.000000000 0.863076485 0.505073244
10.700000 397.570900 -582.658800 0.000000 0.000000000 0.000000000 0.895994188 0.444065779
10.800000 396.921000 -581.397600 0.000000 0.000000000 0.000000000 0.910759661 0.412936847
10.900000 396.921000 -581.397600 0.000000 0.000000000 0.000000000 0.910759661 0.412936847
11.000000 395.059100 -579.272400 0.000000 0.000000000 0.000000000 0.910759661 0.412936847
11.100000 394.128200 -578.209800 0.000000 0.000000000 0.000000000 0.910759661 0.412936847
11.200000 394.128200 -578.209800 0.000000 0.000000000 0.000000000 0.910759661 0.412936847
11.300000 393.197200 -577.147200 0.000000 0.000000000 0.000000000 0.910759661 0.412936847
11.400000 392.266300 -576.084500 0.000000 0.000000000 0.000000000 0.910759661 0.412936847
11.500000 390.404400 -573.959300 0.000000 0.000000000 0.000000000 0.910759661 0.412936847
11.600000 389.473500 -572.896700 0.000000 0.000000000 0.000000000 0.910759661 0.412936847
11.700000 388.542600 -571.834100 0.000000 0.000000000 0.000000000 0.913233708 0.407436123
11.800000 387.611600 -570.771500 0.000000 0.000000000 0.000000000 0.917737038 0.397188530
11.900000 387.611600 -570.771500 0.000000 0.000000000 0.000000000 0.917737038 0.397188530
12.000000 386.680700 -569.708900 0.000000 0.000000000 0.000000000 0.922126543 0.386888406
12.100000 385.749800 -568.646300 0.000000 0.000000000 0.000000000 0.926397249 0.376547656
12.200000 384.747500 -567.670200 0.000000 0.000000000 0.000000000 0.926397249 0.376547656
12.300000 383.745200 -566.694200 0.000000 0.000000000 0.000000000 0.926397249 0.376547656
12.400000 381.740600 -564.742100 0.000000 0.000000000 0.000000000 0.926397249 0.376547656
12.500000 381.740600 -564.742100 0.000000 0.000000000 0.000000000 0.926397249 0.376547656
12.600000 380.738300 -563.766000 0.000000 0.000000000 0.000000000 0.926397249 0.376547656
12.700000 379.736000 -562.790000 0.000000 0.000000000 0.000000000 0.926397249 0.376547656
12.800000 378.733700 -561.813900 0.000000 0.000000000 0.000000000 0.926397249 0.376547656
12.900000 377.731400 -560.837900 0.000000 0.000000000 0.000000000 0.926397249 0.376547656
13.000000 376.729100 -559.861800 0.000000 0.000000000 0.000000000 0.926397249 0.376547656
13.100000 375.726900 -558.885800 0.000000 0.000000000 0.000000000 0.926397249 0.376547656
13.200000 373.722300 -556.933700 0.000000 0.000000000 0.000000000 0.896406781 0.443232312
13.300000 373.722300 -556.933700 0.000000 0.000000000 0.000000000 0.896406781 0.443232312
13.400000 372.720000 -555.957700 0.000000 0.000000000 0.000000000 0.874646446 0.484761379
13.500000 371.717700 -554.981600 0.000000 0.000000000 0.000000000 0.851298930 0.524680982
13.600000 371.045000 -553.644500 0.000000 0.000000000 0.000000000 0.851298930 0.524680982
13.700000 370.372300 -552.307400 0.000000 0.000000000 0.000000000 0.851298930 0.524680982
13.800000 369.699700 -550.970300 0.000000 0.000000000 0.000000000 0.851298930 0.524680982
13.900000 368.354300 -548.296200 0.000000 0.000000000 0.000000000 0.851298930 0.524680982
14.000000 368.354300 -548.296200 0.000000 0.000000000 0.000000000 0.851298930 0.524680982
14.100000 367.009000 -545.622000 0.000000 0.000000000 0.000000000 0.851298930 0.524680982
14.200000 367.009000 -545.622000 0.000000 0.000000000 0.000000000 0.851298930 0.524680982
14.300000 366.336300 -544.284900 0.000000 0.000000000 0.000000000 0.860875582 0.508815519
14.400000 364.990900 -541.610700 0.000000 0.000000000 0.000000000 0.912066143 0.410043109
14.500000 364.318300 -540.273600 0.000000 0.000000000 0.000000000 0.933214699 0.359319253
14.600000 364.318300 -540.273600 0.000000 0.000000000 0.000000000 0.933214699 0.359319253
14.700000 363.213500 -539.274800 0.000000 0.000000000 0.000000000 0.933214699 0.359319253
14.800000 362.108700 -538.276000 0.000000 0.000000000 0.000000000 0.933214699 0.359319253
14.900000 361.004000 -537.277200 0.000000 0.000000000 0.000000000 0.933214699 0.359319253
15.000000 359.899200 -536.278400 0.000000 0.000000000 0.000000000 0.933214699 0.359319253
15.100000 357.689700 -534.280700 0.000000 0.000000000 0.000000000 0.933214699 0.359319253
15.200000 357.689700 -534.280700 0.000000 0.000000000 0.000000000 0.933214699 0.359319253
15.300000 355.480200 -532.283100 0.000000 0.000000000 0.000000000 0.933214699 0.359319253
15.400000 354.375500 -531.284300 0.000000 0.000000000 0.000000000 0.940342982 0.340227977
15.500000 354.375500 -531.284300 0.000000 0.000000000 0.000000000 0.940342982 0.340227977
15.600000 352.165900 -529.286700 0.000000 0.000000000 0.000000000 0.973622417 0.228165268
15.700000 352.165900 -529.286700 0.000000 0.000000000 0.000000000 0.973622417 0.228165268
15.800000 351.061200 -528.287900 0.000000 0.000000000 0.000000000 0.985153783 0.171674179
15.900000 349.700500 -527.798800 0.000000 0.000000000 0.000000000 0.985153783 0.171674179
16.000000 348.339800 -527.309700 0.000000 0.000000000 0.000000000 0.985153783 0.171674179
16.100000 346.979200 -526.820600 0.000000 0.000000000 0.000000000 0.985153783 0.171674179
16.200000 345.618500 -526.331600 0.000000 0.000000000 0.000000000 0.985153783 0.171674179
16.300000 344.257800 -525.842500 0.000000 0.000000000 0.000000000 0.985153783 0.171674179
16.400000 341.536500 -524.864300 0.000000 0.000000000 0.000000000 0.985153783 0.171674179
16.500000 341.536500 -524.864300 0.000000 0.000000000 0.000000000 0.985153783 0.171674179
16.600000 340.175800 -524.375300 0.000000 0.000000000 0.000000000 0.985153783 0.171674179
16.700000 338.815200 -523.886200 0.000000 0.000000000 0.000000000 0.981398637 0.191981029
16.800000 337.454500 -523.397100 0.000000 0.000000000 0.000000000 0.971606709 0.236601780
16.900000 336.093800 -522.908000 0.000000 0.000000000 0.000000000 0.959728590 0.280928878
17.000000 334.733200 -522.419000 0.000000 0.000000000 0.000000000 0.946009829 0.324137940
17.100000 333.624300 -521.558000 0.000000 0.000000000 0.000000000 0.946009829 0.324137940
17.200000 332.515400 -520.697000 0.000000 0.000000000 0.000000000 0.946009829 0.324137940
17.300000 331.406500 -519.836100 0.000000 0.000000000 0.000000000 0.946009829 0.324137940
17.400000 330.297700 -518.975100 0.000000 0.000000000 0.000000000 0.946009829 0.324137940
17.500000 329.188800 -518.114200 0.000000 0.000000000 0.000000000 0.949722693 0.313092330
17.600000 328.079900 -517.253200 0.000000 0.000000000 0.000000000 0.956032186 0.293261758
17.700000 326.971000 -516.392200 0.000000 0.000000000 0.000000000 0.961931895 0.273289276
17.800000 325.862200 -515.531300 0.000000 0.000000000 0.000000000 0.967400228 0.253252442
17.900000 324.695600 -514.875600 0.000000 0.000000000 0.000000000 0.967400228 0.253252442
18.000000 323.529000 -514.219800 0.000000 0.000000000 0.000000000 0.967400228 0.253252442
18.100000 322.362400 -513.564100 0.000000 0.000000000 0.000000000 0.967400228 0.253252442
18.200000 321.195800 -512.908400 0.000000 0.000000000 0.000000000 0.967400228 0.253252442
18.300000 320.029300 -512.252600 0.000000 0.000000000 0.000000000 0.954892780 0.296950803
18.400000 317.696100 -510.941200 0.000000 0.000000000 0.000000000 0.909427780 0.415861891
18.500000 317.696100 -510.941200 0.000000 0.000000000 0.000000000 0.909427780 0.415861891
18.600000 316.529500 -510.285500 0.000000 0.000000000 0.000000000 0.881876254 0.471480936
18.700000 315.048600 -508.068200 0.000000 0.000000000 0.000000000 0.881876254 0.471480936
18.800000 315.048600 -508.068200 0.000000 0.000000000 0.000000000 0.881876254 0.471480936
18.900000 314.308100 -506.959600 0.000000 0.000000000 0.000000000 0.881876254 0.471480936
19.000000 312.827200 -504.742300 0.000000 0.000000000 0.000000000 0.852030293 0.523492484
19.100000 312.086800 -503.633700 0.000000 0.000000000 0.000000000 0.805058749 0.593195086
19.200000 311.346300 -502.525000 0.000000 0.000000000 0.000000000 0.752004284 0.659158218
19.300000 311.346300 -502.525000 0.000000 0.000000000 0.000000000 0.752004284 0.659158218
19.400000 310.605900 -501.416400 0.000000 0.000000000 0.000000000 0.696463969 0.717591764
19.500000 310.647400 -500.025400 0.000000 0.000000000 0.000000000 0.696463969 0.717591764
19.600000 310.689000 -498.634400 0.000000 0.000000000 0.000000000 0.696463969 0.717591764
19.700000 310.730600 -497.243500 0.000000 0.000000000 0.000000000 0.696463969 0.717591764
19.800000 310.772200 -495.852500 0.000000 0.000000000 0.000000000 0.696463969 0.717591764
19.900000 310.813700 -494.461500 0.000000 0.000000000 0.000000000 0.696463969 0.717591764
20.000000 310.855300 -493.070500 0.000000 0.000000000 0.000000000 0.696463969 0.717591764
20.100000 310.896900 -491.679500 0.000000 0.000000000 0.000000000 0.696463969 0.717591764
20.200000 310.938500 -490.288600 0.000000 0.000000000 0.000000000 0.665660832 0.746254419
20.300000 310.980000 -488.897600 0.000000 0.000000000 0.000000000 0.608978016 0.793187100
20.400000 311.021600 -487.506600 0.000000 0.000000000 0.000000000 0.548446281 0.836185791
20.500000 213.978400 -613.924900 0.000000 0.000000000 0.000000000 0.302780737 0.953060242
20.600000 311.744500 -485.012500 0.000000 0.000000000 0.000000000 0.487087682 0.873353073
20.700000 312.425800 -483.909400 0.000000 0.000000000 0.000000000 0.487087682 0.873353073
20.800000 313.788500 -481.703300 0.000000 0.000000000 0.000000000 0.534089998 0.845427628
20.900000 314.469800 -480.600200 0.000000 0.000000000 0.000000000 0.588655794 0.808383793
21.000000 314.469800 -480.600200 0.000000 0.000000000 0.000000000 0.588655794 0.808383793
21.100000 315.832400 -478.394000 0.000000 0.000000000 0.000000000 0.688614415 0.725127704
21.200000 315.832400 -478.394000 0.000000 0.000000000 0.000000000 0.688614415 0.725127704
21.300000 315.986900 -475.405000 0.000000 0.000000000 0.000000000 0.688776464 0.724973781
21.400000 315.986900 -475.405000 0.000000 0.000000000 0.000000000 0.688776464 0.724973781
21.500000 316.064200 -473.910500 0.000000 0.000000000 0.000000000 0.689000448 0.724760914
21.600000 316.141400 -472.415900 0.000000 0.000000000 0.000000000 0.688915284 0.724841867
21.700000 316.187800 -471.500900 0.000000 0.000000000 0.000000000 0.688338817 0.725389325
21.800000 316.234200 -470.585800 0.000000 0.000000000 0.000000000 0.687276473 0.726395932
21.900000 316.305500 -469.143000 0.000000 0.000000000 0.000000000 0.684517045 0.728996855
22.000000 316.424300 -466.903700 0.000000 0.000000000 0.000000000 0.679632110 0.733553130
22.100000 316.424300 -466.903700 0.000000 0.000000000 0.000000000 0.679632110 0.733553130
22.200000 316.491900 -465.849400 0.000000 0.000000000 0.000000000 0.677983204 0.735077394
22.300000 316.578600 -464.666800 0.000000 0.000000000 0.000000000 0.676857375 0.736114186
22.400000 316.694300 -463.227100 0.000000 0.000000000 0.000000000 0.676235853 0.736685191
22.500000 316.849100 -461.401200 0.000000 0.000000000 0.000000000 0.676045029 0.736860311
22.600000 316.849100 -461.401200 0.000000 0.000000000 0.000000000 0.676045029 0.736860311
22.700000 317.103700 -458.449200 0.000000 0.000000000 0.000000000 0.676045029 0.736860311
22.800000 317.103700 -458.449200 0.000000 0.000000000 0.000000000 0.676045029 0.736860311
22.900000 317.231000 -456.973200 0.000000 0.000000000 0.000000000 0.676045029 0.736860311
23.000000 317.358300 -455.497100 0.000000 0.000000000 0.000000000 0.676045029 0.736860311
23.100000 317.485600 -454.021100 0.000000 0.000000000 0.000000000 0.676045029 0.736860311
23.200000 317.612900 -452.545100 0.000000 0.000000000 0.000000000 0.676045029 0.736860311
23.300000 317.867500 -449.593100 0.000000 0.000000000 0.000000000 0.676045029 0.736860311
23.400000 317.867500 -449.593100 0.000000 0.000000000 0.000000000 0.676045029 0.736860311
23.500000 317.994800 -448.117100 0.000000 0.000000000 0.000000000 0.676045029 0.736860311
23.600000 318.249400 -445.165100 0.000000 0.000000000 0.000000000 0.676045029 0.736860311
23.700000 318.249400 -445.165100 0.000000 0.000000000 0.000000000 0.676045029 0.736860311
23.800000 318.504000 -442.213000 0.000000 0.000000000 0.000000000 0.676045029 0.736860311
23.900000 318.504000 -442.213000 0.000000 0.000000000 0.000000000 0.676045029 0.736860311
24.000000 318.758600 -439.261000 0.000000 0.000000000 0.000000000 0.676045029 0.736860311
24.100000 318.758600 -439.261000 0.000000 0.000000000 0.000000000 0.676045029 0.736860311
24.200000 318.885900 -437.785000 0.000000 0.000000000 0.000000000 0.665921980 0.746021392
24.300000 319.013200 -436.309000 0.000000 0.000000000 0.000000000 0.638093029 0.769959275
24.400000 319.267800 -433.356900 0.000000 0.000000000 0.000000000 0.579913492 0.814678060
24.500000 319.757500 -431.943600 0.000000 0.000000000 0.000000000 0.579913492 0.814678060
24.600000 319.757500 -431.943600 0.000000 0.000000000 0.000000000 0.579913492 0.814678060
24.700000 320.737000 -429.116900 0.000000 0.000000000 0.000000000 0.579913492 0.814678060
24.800000 320.737000 -429.116900 0.000000 0.000000000 0.000000000 0.579913492 0.814678060
24.900000 321.226700 -427.703500 0.000000 0.000000000 0.000000000 0.579913492 0.814678060
25.000000 321.716400 -426.290100 0.000000 0.000000000 0.000000000 0.579913492 0.814678060
25.100000 322.206200 -424.876800 0.000000 0.000000000 0.000000000 0.579913492 0.814678060
25.200000 323.185600 -422.050000 0.000000 0.000000000 0.000000000 0.579913492 0.814678060
25.300000 323.185600 -422.050000 0.000000 0.000000000 0.000000000 0.579913492 0.814678060
25.400000 323.675300 -420.636700 0.000000 0.000000000 0.000000000 0.579913492 0.814678060
25.500000 324.165100 -419.223300 0.000000 0.000000000 0.000000000 0.579913492 0.814678060
25.600000 324.654800 -417.810000 0.000000 0.000000000 0.000000000 0.579913492 0.814678060
25.700000 325.144500 -416.396600 0.000000 0.000000000 0.000000000 0.579913492 0.814678060
25.800000 325.634200 -414.983200 0.000000 0.000000000 0.000000000 0.579913492 0.814678060
25.900000 326.124000 -413.569900 0.000000 0.000000000 0.000000000 0.579913492 0.814678060
26.000000 326.613700 -412.156500 0.000000 0.000000000 0.000000000 0.579913492 0.814678060
26.100000 327.103400 -410.743200 0.000000 0.000000000 0.000000000 0.579913492 0.814678060
26.200000 327.593200 -409.329800 0.000000 0.000000000 0.000000000 0.579913492 0.814678060
26.300000 328.082900 -407.916400 0.000000 0.000000000 0.000000000 0.579913492 0.814678060
26.400000 328.572600 -406.503100 0.000000 0.000000000 0.000000000 0.579913492 0.814678060
26.500000 329.062300 -405.089700 0.000000 0.000000000 0.000000000 0.579913492 0.814678060
26.600000 329.552100 -403.676300 0.000000 0.000000000 0.000000000 0.579913492 0.814678060
26.700000 330.041800 -402.263000 0.000000 0.000000000 0.000000000 0.579913492 0.814678060
26.800000 331.021200 -399.436300 0.000000 0.000000000 0.000000000 0.571544213 0.820571272
26.900000 331.021200 -399.436300 0.000000 0.000000000 0.000000000 0.571544213 0.820571272
27.000000 331.511000 -398.022900 0.000000 0.000000000 0.000000000 0.546648052 0.837362470
27.100000 332.000700 -396.609500 0.000000 0.000000000 0.000000000 0.521197498 0.853436095
27.200000 332.490400 -395.196200 0.000000 0.000000000 0.000000000 0.495401522 0.868664108
27.300000 333.239100 -393.930600 0.000000 0.000000000 0.000000000 0.495401522 0.868664108
27.400000 334.736500 -391.399400 0.000000 0.000000000 0.000000000 0.495401522 0.868664108
27.500000 334.736500 -391.399400 0.000000 0.000000000 0.000000000 0.495401522 0.868664108
27.600000 336.233900 -388.868200 0.000000 0.000000000 0.000000000 0.495401522 0.868664108
27.700000 336.233900 -388.868200 0.000000 0.000000000 0.000000000 0.495401522 0.868664108
27.800000 337.731300 -386.337000 0.000000 0.000000000 0.000000000 0.495401522 0.868664108
27.900000 337.731300 -386.337000 0.000000 0.000000000 0.000000000 0.495401522 0.868664108
28.000000 338.480000 -385.071400 0.000000 0.000000000 0.000000000 0.495401522 0.868664108
28.100000 339.228700 -383.805800 0.000000 0.000000000 0.000000000 0.495401522 0.868664108
28.200000 340.726000 -381.274700 0.000000 0.000000000 0.000000000 0.495401522 0.868664108
28.300000 340.726000 -381.274700 0.000000 0.000000000 0.000000000 0.495401522 0.868664108
28.400000 341.474700 -380.009100 0.000000 0.000000000 0.000000000 0.495401522 0.868664108
28.500000 342.223400 -378.743500 0.000000 0.000000000 0.000000000 0.495401522 0.868664108
28.600000 342.972100 -377.477900 0.000000 0.000000000 0.000000000 0.495401522 0.868664108
28.700000 343.720800 -376.212300 0.000000 0.000000000 0.000000000 0.495401522 0.868664108
28.800000 344.469500 -374.946700 0.000000 0.000000000 0.000000000 0.495401522 0.868664108
28.900000 345.218200 -373.681100 0.000000 0.000000000 0.000000000 0.495401522 0.868664108
29.000000 345.966900 -372.415500 0.000000 0.000000000 0.000000000 0.495401522 0.868664108
29.100000 346.715600 -371.149900 0.000000 0.000000000 0.000000000 0.495401522 0.868664108
29.200000 347.464300 -369.884300 0.000000 0.000000000 0.000000000 0.495401522 0.868664108
29.300000 348.961700 -367.353100 0.000000 0.000000000 0.000000000 0.495401522 0.868664108
29.400000 349.710400 -366.087600 0.000000 0.000000000 0.000000000 0.495401522 0.868664108
29.500000 350.459100 -364.822000 0.000000 0.000000000 0.000000000 0.495401522 0.868664108
29.600000 350.459100 -364.822000 0.000000 0.000000000 0.000000000 0.495401522 0.868664108
29.700000 351.207800 -363.556400 0.000000 0.000000000 0.000000000 0.495401522 0.868664108
29.800000 351.956500 -362.290800 0.000000 0.000000000 0.000000000 0.495401522 0.868664108
29.900000 352.705200 -361.025200 0.000000 0.000000000 0.000000000 0.495401522 0.868664108
30.000000 353.453900 -359.759600 0.000000 0.000000000 0.000000000 0.495401522 0.868664108
30.100000 354.202500 -358.494000 0.000000 0.000000000 0.000000000 0.495401522 0.868664108
30.200000 354.951200 -357.228400 0.000000 0.000000000 0.000000000 0.495401522 0.868664108
30.300000 357.197300 -353.431600 0.000000 0.000000000 0.000000000 0.495401522 0.868664108
30.400000 357.197300 -353.431600 0.000000 0.000000000 0.000000000 0.495401522 0.868664108
30.500000 357.197300 -353.431600 0.000000 0.000000000 0.000000000 0.495401522 0.868664108
30.600000 357.946000 -352.166000 0.000000 0.000000000 0.000000000 0.525836709 0.850585537
30.700000 358.694700 -350.900500 0.000000 0.000000000 0.000000000 0.602811392 0.797883717
30.800000 336.982600 -387.602600 0.000000 0.000000000 0.000000000 0.495401522 0.868664108
30.900000 360.192100 -348.369300 0.000000 0.000000000 0.000000000 0.740030698 0.672573093
31.000000 360.054400 -346.931200 0.000000 0.000000000 0.000000000 0.740030698 0.672573093
31.100000 359.916800 -345.493100 0.000000 0.000000000 0.000000000 0.740030698 0.672573093
31.200000 359.503800 -341.178900 0.000000 0.000000000 0.000000000 0.740030698 0.672573093
31.300000 359.503800 -341.178900 0.000000 0.000000000 0.000000000 0.740030698 0.672573093
31.400000 359.503800 -341.178900 0.000000 0.000000000 0.000000000 0.740030698 0.672573093
31.500000 359.366100 -339.740800 0.000000 0.000000000 0.000000000 0.740030698 0.672573093
31.600000 359.228500 -338.302800 0.000000 0.000000000 0.000000000 0.740030698 0.672573093
31.700000 358.953100 -335.426600 0.000000 0.000000000 0.000000000 0.740030698 0.672573093
31.800000 358.953100 -335.426600 0.000000 0.000000000 0.000000000 0.740030698 0.672573093
31.900000 455.625600 -706.284200 0.000000 0.000000000 0.000000000 -0.159805877 0.987148460
32.000000 358.540200 -331.112400 0.000000 0.000000000 0.000000000 0.740030698 0.672573093
32.100000 358.402500 -329.674300 0.000000 0.000000000 0.000000000 0.740030698 0.672573093
32.200000 358.402500 -329.674300 0.000000 0.000000000 0.000000000 0.740030698 0.672573093
32.300000 358.127200 -326.798200 0.000000 0.000000000 0.000000000 0.740030698 0.672573093
32.400000 358.127200 -326.798200 0.000000 0.000000000 0.000000000 0.740030698 0.672573093
32.500000 357.851900 -323.922000 0.000000 0.000000000 0.000000000 0.740030698 0.672573093
32.600000 357.714200 -322.484000 0.000000 0.000000000 0.000000000 0.740030698 0.672573093
32.700000 357.576500 -321.045900 0.000000 0.000000000 0.000000000 0.765222254 0.643766186
32.800000 357.438900 -319.607800 0.000000 0.000000000 0.000000000 0.818326631 0.574753447
32.900000 357.301200 -318.169700 0.000000 0.000000000 0.000000000 0.865959121 0.500114788
33.000000 357.301200 -318.169700 0.000000 0.000000000 0.000000000 0.865959121 0.500114788
33.100000 357.163600 -316.731700 0.000000 0.000000000 0.000000000 0.905167873 0.425054258
33.200000 356.217000 -315.591200 0.000000 0.000000000 0.000000000 0.905167873 0.425054258
33.300000 355.270400 -314.450700 0.000000 0.000000000 0.000000000 0.905167873 0.425054258
33.400000 354.323900 -313.310300 0.000000 0.000000000 0.000000000 0.905167873 0.425054258
33.500000 353.377300 -312.169800 0.000000 0.000000000 0.000000000 0.905167873 0.425054258
33.600000 352.430700 -311.029300 0.000000 0.000000000 0.000000000 0.905167873 0.425054258
33.700000 350.537600 -308.748400 0.000000 0.000000000 0.000000000 0.905167873 0.425054258
33.800000 350.537600 -308.748400 0.000000 0.000000000 0.000000000 0.905167873 0.425054258
33.900000 349.591100 -307.607900 0.000000 0.000000000 0.000000000 0.905167873 0.425054258
34.000000 348.644500 -306.467400 0.000000 0.000000000 0.000000000 0.905167873 0.425054258
34.100000 347.697900 -305.327000 0.000000 0.000000000 0.000000000 0.905167873 0.425054258
34.200000 88.550500 -430.800800 0.000000 0.000000000 0.000000000 -0.792897242 0.609355367
34.300000 175.831000 -626.977500 0.000000 0.000000000 0.000000000 0.073014469 0.997330882
34.400000 175.831000 -626.977500 0.000000 0.000000000 0.000000000 0.073014469 0.997330882
34.500000 179.976400 -626.397400 0.000000 0.000000000 0.000000000 0.091315117 0.995822047
34.600000 179.976400 -626.397400 0.000000 0.000000000 0.000000000 0.091315117 0.995822047
34.700000 340.125500 -296.351200 0.000000 0.000000000 0.000000000 0.991008910 0.133795889
34.800000 339.150600 -295.612600 0.000000 0.000000000 0.000000000 0.999997351 0.002301825
34.900000 357.714200 -322.484000 0.000000 0.000000000 0.000000000 0.740030698 0.672573093
35.000000 185.647300 -625.348500 0.000000 0.000000000 0.000000000 0.091315117 0.995822047
35.100000 187.065000 -625.086300 0.000000 0.000000000 0.000000000 0.091315117 0.995822047
35.200000 86.642200 -437.965800 0.000000 0.000000000 0.000000000 -0.792897242 0.609355367
35.300000 187.065000 -625.086300 0.000000 0.000000000 0.000000000 0.091315117 0.995822047
35.400000 333.247700 -296.500600 0.000000 0.000000000 0.000000000 -0.899859590 0.436179685
35.500000 332.345300 -297.533300 0.000000 0.000000000 0.000000000 -0.895694239 0.444670474
35.600000 330.686200 -299.719300 0.000000 0.000000000 0.000000000 -0.895694239 0.444670474
35.700000 330.686200 -299.719300 0.000000 0.000000000 0.000000000 -0.895694239 0.444670474
35.800000 327.486800 -642.301900 0.000000 0.000000000 0.000000000 -0.250894305 0.968014487
35.900000 329.027200 -301.905400 0.000000 0.000000000 0.000000000 -0.895694239 0.444670474
36.000000 334.189500 -295.720300 0.000000 0.000000000 0.000000000 -0.911735557 0.410777645
36.100000 196.821500 -622.940500 0.000000 0.000000000 0.000000000 0.213089499 0.977032684
36.200000 82.062100 -455.161800 0.000000 0.000000000 0.000000000 -0.792674470 0.609645130
36.300000 87.787200 -433.666800 0.000000 0.000000000 0.000000000 -0.792897242 0.609355367
36.400000 87.405500 -435.099800 0.000000 0.000000000 0.000000000 -0.792897242 0.609355367
36.500000 337.916800 -648.097800 0.000000 0.000000000 0.000000000 -0.250894305 0.968014487
36.600000 87.023800 -436.532800 0.000000 0.000000000 0.000000000 -0.792897242 0.609355367
36.700000 86.642200 -437.965800 0.000000 0.000000000 0.000000000 -0.792897242 0.609355367
36.800000 86.260500 -439.398800 0.000000 0.000000000 0.000000000 -0.792897242 0.609355367
36.900000 85.878800 -440.831800 0.000000 0.000000000 0.000000000 -0.792897242 0.609355367
37.000000 346.751400 -304.186500 0.000000 0.000000000 0.000000000 0.905167873 0.425054258
37.100000 85.497100 -442.264800 0.000000 0.000000000 0.000000000 -0.792897242 0.609355367
37.200000 473.430600 -712.204100 0.000000 0.000000000 0.000000000 -0.012543671 0.999921325
37.300000 84.733800 -445.130800 0.000000 0.000000000 0.000000000 -0.792897242 0.609355367
37.400000 84.352100 -446.563800 0.000000 0.000000000 0.000000000 -0.792897242 0.609355367
37.500000 418.848500 -632.061400 0.000000 0.000000000 0.000000000 0.996755846 0.080484679
37.600000 478.876600 -712.277100 0.000000 0.000000000 0.000000000 0.046745459 0.998906834
37.700000 480.235400 -712.149700 0.000000 0.000000000 0.000000000 0.046745459 0.998906834
37.800000 482.953000 -711.894800 0.000000 0.000000000 0.000000000 0.046745459 0.998906834
37.900000 259.119600 -315.305200 0.000000 0.000000000 0.000000000 0.959143879 0.282918749
38.000000 318.249400 -445.165100 0.000000 0.000000000 0.000000000 0.676045029 0.736860311
38.100000 485.670600 -711.639900 0.000000 0.000000000 0.000000000 0.063278694 0.997995895
38.200000 487.029400 -711.512400 0.000000 0.000000000 0.000000000 0.088266483 0.996096897
38.300000 102.059700 -382.275400 0.000000 0.000000000 0.000000000 -0.804395054 0.594094771
38.400000 100.320100 -387.928700 0.000000 0.000000000 0.000000000 -0.804395054 0.594094771
38.500000 489.747000 -711.257500 0.000000 0.000000000 0.000000000 0.137999199 0.990432340
38.600000 492.625400 -710.439500 0.000000 0.000000000 0.000000000 0.137999199 0.990432340
38.700000 97.329000 -397.841800 0.000000 0.000000000 0.000000000 -0.792897242 0.609355367
38.800000 81.680400 -456.594800 0.000000 0.000000000 0.000000000 -0.791131979 0.611645479
38.900000 97.710600 -396.408800 0.000000 0.000000000 0.000000000 -0.792897242 0.609355367
39.000000 80.917100 -459.460800 0.000000 0.000000000 0.000000000 -0.759121186 0.650949326
39.100000 470.691300 -711.293400 0.000000 0.000000000 0.000000000 -0.132833728 0.991138336
39.200000 470.691300 -711.293400 0.000000 0.000000000 0.000000000 -0.132833728 0.991138336
39.300000 472.061000 -711.748700 0.000000 0.000000000 0.000000000 -0.073056357 0.997327814
39.400000 316.849100 -461.401200 0.000000 0.000000000 0.000000000 0.676045029 0.736860311
39.500000 265.718900 -316.080400 0.000000 0.000000000 0.000000000 0.998407583 0.056411864
39.600000 264.256200 -315.914600 0.000000 0.000000000 0.000000000 0.998288262 0.058485433
39.700000 503.817700 -706.931800 0.000000 0.000000000 0.000000000 0.258610507 0.965981680
39.800000 108.164700 -582.205300 0.000000 0.000000000 0.000000000 -0.572579728 0.819849044
39.900000 107.312300 -579.382400 0.000000 0.000000000 0.000000000 -0.596208412 0.802829701
40.000000 109.618800 -586.322100 0.000000 0.000000000 0.000000000 -0.537746525 0.843106562
40.100000 110.822200 -588.910000 0.000000 0.000000000 0.000000000 -0.537746525 0.843106562
40.200000 247.297800 -305.193700 0.000000 0.000000000 0.000000000 -0.996747430 0.080588839
40.300000 284.734500 -318.236100 0.000000 0.000000000 0.000000000 0.998407583 0.056411864
40.400000 281.809000 -317.904500 0.000000 0.000000000 0.000000000 0.998407583 0.056411864
40.500000 514.253800 -604.889700 0.000000 0.000000000 0.000000000 0.849451004 0.527667502
40.600000 278.883500 -317.572800 0.000000 0.000000000 0.000000000 0.998407583 0.056411864
40.700000 243.288600 -305.687400 0.000000 0.000000000 0.000000000 -0.976546922 0.215304690
40.800000 349.700500 -527.798800 0.000000 0.000000000 0.000000000 0.985153783 0.171674179
40.900000 318.376700 -443.689000 0.000000 0.000000000 0.000000000 0.676045029 0.736860311
41.000000 281.809000 -317.904500 0.000000 0.000000000 0.000000000 0.998407583 0.056411864
41.100000 280.346300 -317.738600 0.000000 0.000000000 0.000000000 0.998407583 0.056411864
41.200000 516.181300 -608.789000 0.000000 0.000000000 0.000000000 0.849451004 0.527667502
41.300000 238.618900 -308.313700 0.000000 0.000000000 0.000000000 -0.855584293 0.517663518
41.400000 277.420800 -317.407000 0.000000 0.000000000 0.000000000 0.998407583 0.056411864
41.500000 514.253800 -604.889700 0.000000 0.000000000 0.000000000 0.849451004 0.527667502
41.600000 277.420800 -317.407000 0.000000 0.000000000 0.000000000 0.998407583 0.056411864
41.700000 118.327700 -604.304300 0.000000 0.000000000 0.000000000 -0.443249499 0.896398283
41.800000 257.224800 -314.863700 0.000000 0.000000000 0.000000000 0.890094743 0.455775546
41.900000 267.181700 -316.246200 0.000000 0.000000000 0.000000000 0.998407583 0.056411864
42.000000 265.718900 -316.080400 0.000000 0.000000000 0.000000000 0.998407583 0.056411864
42.100000 264.256200 -315.914600 0.000000 0.000000000 0.000000000 0.998288262 0.058485433
42.200000 262.793500 -315.748800 0.000000 0.000000000 0.000000000 0.997490068 0.070806527
42.300000 315.151100 -479.497100 0.000000 0.000000000 0.000000000 0.640788579 0.767717394
42.400000 315.832400 -478.394000 0.000000 0.000000000 0.000000000 0.688614415 0.725127704
42.500000 315.909700 -476.899500 0.000000 0.000000000 0.000000000 0.688651758 0.725092239
42.600000 175.831000 -626.977500 0.000000 0.000000000 0.000000000 0.073014469 0.997330882
42.700000 175.831000 -626.977500 0.000000 0.000000000 0.000000000 0.073014469 0.997330882
42.800000 177.194800 -626.818500 0.000000 0.000000000 0.000000000 0.082170748 0.996618266
42.900000 357.438900 -319.607800 0.000000 0.000000000 0.000000000 0.818326631 0.574753447
43.000000 357.301200 -318.169700 0.000000 0.000000000 0.000000000 0.865959121 0.500114788
43.100000 290.554700 -623.895100 0.000000 0.000000000 0.000000000 -0.194329624 0.980936286
43.200000 290.554700 -623.895100 0.000000 0.000000000 0.000000000 -0.194329624 0.980936286
43.300000 355.270400 -314.450700 0.000000 0.000000000 0.000000000 0.905167873 0.425054258
43.400000 279.814100 -619.465700 0.000000 0.000000000 0.000000000 -0.194329624 0.980936286
43.500000 321.195800 -512.908400 0.000000 0.000000000 0.000000000 0.967400228 0.253252442
43.600000 240.259700 -306.792000 0.000000 0.000000000 0.000000000 -0.887825688 0.460179908
43.700000 239.126300 -307.211000 0.000000 0.000000000 0.000000000 -0.844954720 0.534837846
43.800000 238.618900 -308.313700 0.000000 0.000000000 0.000000000 -0.855584293 0.517663518
43.900000 238.111500 -309.416400 0.000000 0.000000000 0.000000000 -0.881671312 0.471864067
44.000000 237.604100 -310.519100 0.000000 0.000000000 0.000000000 -0.923096458 0.384568498
44.100000 236.928100 -311.845300 0.000000 0.000000000 0.000000000 -0.970609590 0.240659561
44.200000 243.288600 -305.687400 0.000000 0.000000000 0.000000000 -0.976546922 0.215304690
44.300000 347.697900 -305.327000 0.000000 0.000000000 0.000000000 0.905167873 0.425054258
44.400000 329.027200 -301.905400 0.000000 0.000000000 0.000000000 -0.895694239 0.444670474
44.500000 329.027200 -301.905400 0.000000 0.000000000 0.000000000 -0.895694239 0.444670474
44.600000 329.027200 -301.905400 0.000000 0.000000000 0.000000000 -0.895694239 0.444670474
44.700000 411.111300 -629.185200 0.000000 0.000000000 0.000000000 0.929011104 0.370051845
44.800000 271.758700 -616.143700 0.000000 0.000000000 0.000000000 -0.194329624 0.980936286
44.900000 410.079600 -628.208300 0.000000 0.000000000 0.000000000 0.929011104 0.370051845
45.000000 316.305500 -469.143000 0.000000 0.000000000 0.000000000 0.684517045 0.728996855
45.100000 183.054500 -313.091300 0.000000 0.000000000 0.000000000 -0.999721962 0.023579641
45.200000 181.559100 -313.161900 0.000000 0.000000000 0.000000000 -0.999721962 0.023579641
45.300000 247.543900 -606.109800 0.000000 0.000000000 0.000000000 -0.195471793 0.980709324
45.400000 178.568400 -313.303100 0.000000 0.000000000 0.000000000 -0.999721962 0.023579641
45.500000 177.073100 -313.373700 0.000000 0.000000000 0.000000000 -0.999721962 0.023579641
45.600000 469.321700 -710.838000 0.000000 0.000000000 0.000000000 -0.159805877 0.987148460
45.700000 84.286500 -486.281000 0.000000 0.000000000 0.000000000 -0.636957417 0.770898988
45.800000 271.758700 -616.143700 0.000000 0.000000000 0.000000000 -0.194329624 0.980936286
45.900000 316.491900 -465.849400 0.000000 0.000000000 0.000000000 0.677983204 0.735077394
46.000000 317.056700 -636.505900 0.000000 0.000000000 0.000000000 -0.250894305 0.968014487
46.100000 334.189500 -295.720300 0.000000 0.000000000 0.000000000 -0.911735557 0.410777645
46.200000 318.360500 -637.230400 0.000000 0.000000000 0.000000000 -0.250894305 0.968014487
46.300000 263.699600 -612.816400 0.000000 0.000000000 0.000000000 -0.194662641 0.980870255
46.400000 160.624300 -314.150000 0.000000 0.000000000 0.000000000 -0.999721962 0.023579641
46.500000 319.757500 -431.943600 0.000000 0.000000000 0.000000000 0.579913492 0.814678060
46.600000 321.226700 -427.703500 0.000000 0.000000000 0.000000000 0.579913492 0.814678060
46.700000 316.491900 -465.849400 0.000000 0.000000000 0.000000000 0.677983204 0.735077394
46.800000 271.758700 -616.143700 0.000000 0.000000000 0.000000000 -0.194329624 0.980936286
46.900000 108.164700 -582.205300 0.000000 0.000000000 0.000000000 -0.572579728 0.819849044
47.000000 530.703400 -651.919200 0.000000 0.000000000 0.000000000 0.744094882 0.668073953
47.100000 316.491900 -465.849400 0.000000 0.000000000 0.000000000 0.677983204 0.735077394
47.200000 169.596400 -313.726600 0.000000 0.000000000 0.000000000 -0.999721962 0.023579641
47.300000 169.596400 -313.726600 0.000000 0.000000000 0.000000000 -0.999721962 0.023579641
47.400000 88.571700 -508.158900 0.000000 0.000000000 0.000000000 -0.615039058 0.788496644
47.500000 168.101000 -313.797100 0.000000 0.000000000 0.000000000 -0.999721962 0.023579641
47.600000 168.101000 -313.797100 0.000000 0.000000000 0.000000000 -0.999721962 0.023579641
47.700000 163.615000 -314.008900 0.000000 0.000000000 0.000000000 -0.999721962 0.023579641
47.800000 163.615000 -314.008900 0.000000 0.000000000 0.000000000 -0.999721962 0.023579641
47.900000 162.119600 -314.079400 0.000000 0.000000000 0.000000000 -0.999721962 0.023579641
48.000000 168.101000 -313.797100 0.000000 0.000000000 0.000000000 -0.999721962 0.023579641
48.100000 160.624300 -314.150000 0.000000 0.000000000 0.000000000 -0.999721962 0.023579641
48.200000 160.624300 -314.150000 0.000000 0.000000000 0.000000000 -0.999721962 0.023579641
48.300000 162.119600 -314.079400 0.000000 0.000000000 0.000000000 -0.999721962 0.023579641
48.400000 160.624300 -314.150000 0.000000 0.000000000 0.000000000 -0.999721962 0.023579641
48.500000 160.624300 -314.150000 0.000000 0.000000000 0.000000000 -0.999721962 0.023579641
48.600000 160.624300 -314.150000 0.000000 0.000000000 0.000000000 -0.999721962 0.023579641
48.700000 160.624300 -314.150000 0.000000 0.000000000 0.000000000 -0.999721962 0.023579641
48.800000 162.119600 -314.079400 0.000000 0.000000000 0.000000000 -0.999721962 0.023579641
48.900000 160.624300 -314.150000 0.000000 0.000000000 0.000000000 -0.999721962 0.023579641
49.000000 151.652200 -314.573500 0.000000 0.000000000 0.000000000 -0.999721962 0.023579641
49.100000 159.128900 -314.220600 0.000000 0.000000000 0.000000000 -0.999721962 0.023579641
49.200000 156.138200 -314.361800 0.000000 0.000000000 0.000000000 -0.999721962 0.023579641
49.300000 156.138200 -314.361800 0.000000 0.000000000 0.000000000 -0.999721962 0.023579641
49.400000 153.147600 -314.502900 0.000000 0.000000000 0.000000000 -0.999721962 0.023579641
49.500000 151.652200 -314.573500 0.000000 0.000000000 0.000000000 -0.999721962 0.023579641
49.600000 151.652200 -314.573500 0.000000 0.000000000 0.000000000 -0.999721962 0.023579641
49.700000 150.156900 -314.644100 0.000000 0.000000000 0.000000000 -0.998565105 0.053551199
49.800000 147.166200 -314.785200 0.000000 0.000000000 0.000000000 -0.970964344 0.239224252
49.900000 138.717900 -320.303400 0.000000 0.000000000 0.000000000 -0.945295578 0.326215067
50.000000 138.717900 -320.303400 0.000000 0.000000000 0.000000000 -0.945295578 0.326215067
50.100000 137.559100 -321.211300 0.000000 0.000000000 0.000000000 -0.945295578 0.326215067
50.200000 136.400300 -322.119200 0.000000 0.000000000 0.000000000 -0.945295578 0.326215067
50.300000 136.400300 -322.119200 0.000000 0.000000000 0.000000000 -0.945295578 0.326215067
50.400000 134.082700 -323.935000 0.000000 0.000000000 0.000000000 -0.945295578 0.326215067
50.500000 132.923800 -324.843000 0.000000 0.000000000 0.000000000 -0.945295578 0.326215067
50.600000 132.923800 -324.843000 0.000000 0.000000000 0.000000000 -0.945295578 0.326215067
50.700000 132.923800 -324.843000 0.000000 0.000000000 0.000000000 -0.945295578 0.326215067
50.800000 131.765000 -325.750900 0.000000 0.000000000 0.000000000 -0.945295578 0.326215067
50.900000 129.447400 -327.566700 0.000000 0.000000000 0.000000000 -0.945295578 0.326215067
51.000000 129.447400 -327.566700 0.000000 0.000000000 0.000000000 -0.945295578 0.326215067
51.100000 128.288600 -328.474700 0.000000 0.000000000 0.000000000 -0.945295578 0.326215067
51.200000 127.129800 -329.382600 0.000000 0.000000000 0.000000000 -0.945295578 0.326215067
51.300000 128.288600 -328.474700 0.000000 0.000000000 0.000000000 -0.945295578 0.326215067
51.400000 124.812100 -331.198400 0.000000 0.000000000 0.000000000 -0.945295578 0.326215067
51.500000 123.653300 -332.106400 0.000000 0.000000000 0.000000000 -0.945295578 0.326215067
51.600000 130.606200 -326.658800 0.000000 0.000000000 0.000000000 -0.945295578 0.326215067
51.700000 122.494500 -333.014300 0.000000 0.000000000 0.000000000 -0.945295578 0.326215067
51.800000 122.494500 -333.014300 0.000000 0.000000000 0.000000000 -0.945295578 0.326215067
51.900000 120.176900 -334.830100 0.000000 0.000000000 0.000000000 -0.945295578 0.326215067
52.000000 124.812100 -331.198400 0.000000 0.000000000 0.000000000 -0.945295578 0.326215067
52.100000 124.812100 -331.198400 0.000000 0.000000000 0.000000000 -0.945295578 0.326215067
52.200000 124.812100 -331.198400 0.000000 0.000000000 0.000000000 -0.945295578 0.326215067
52.300000 121.335700 -333.922200 0.000000 0.000000000 0.000000000 -0.945295578 0.326215067
52.400000 122.494500 -333.014300 0.000000 0.000000000 0.000000000 -0.945295578 0.326215067
52.500000 121.335700 -333.922200 0.000000 0.000000000 0.000000000 -0.945295578 0.326215067
52.600000 115.541600 -338.461800 0.000000 0.000000000 0.000000000 -0.804395054 0.594094771
52.700000 115.106700 -339.875200 0.000000 0.000000000 0.000000000 -0.804395054 0.594094771
52.800000 114.236900 -342.701900 0.000000 0.000000000 0.000000000 -0.804395054 0.594094771
52.900000 113.802000 -344.115200 0.000000 0.000000000 0.000000000 -0.804395054 0.594094771
53.000000 113.367100 -345.528500 0.000000 0.000000000 0.000000000 -0.804395054 0.594094771
53.100000 113.802000 -344.115200 0.000000 0.000000000 0.000000000 -0.804395054 0.594094771
53.200000 112.932200 -346.941900 0.000000 0.000000000 0.000000000 -0.804395054 0.594094771
53.300000 112.932200 -346.941900 0.000000 0.000000000 0.000000000 -0.804395054 0.594094771
53.400000 112.497300 -348.355200 0.000000 0.000000000 0.000000000 -0.804395054 0.594094771
53.500000 112.062400 -349.768600 0.000000 0.000000000 0.000000000 -0.804395054 0.594094771
53.600000 111.627500 -351.181900 0.000000 0.000000000 0.000000000 -0.804395054 0.594094771
53.700000 111.627500 -351.181900 0.000000 0.000000000 0.000000000 -0.804395054 0.594094771
53.800000 111.192600 -352.595200 0.000000 0.000000000 0.000000000 -0.804395054 0.594094771
53.900000 110.322800 -355.421900 0.000000 0.000000000 0.000000000 -0.804395054 0.594094771
54.000000 110.322800 -355.421900 0.000000 0.000000000 0.000000000 -0.804395054 0.594094771
54.100000 109.887900 -356.835300 0.000000 0.000000000 0.000000000 -0.804395054 0.594094771
54.200000 109.453000 -358.248600 0.000000 0.000000000 0.000000000 -0.804395054 0.594094771
54.300000 109.018100 -359.661900 0.000000 0.000000000 0.000000000 -0.804395054 0.594094771
54.400000 108.583200 -361.075300 0.000000 0.000000000 0.000000000 -0.804395054 0.594094771
54.500000 108.148300 -362.488600 0.000000 0.000000000 0.000000000 -0.804395054 0.594094771
54.600000 107.713400 -363.902000 0.000000 0.000000000 0.000000000 -0.804395054 0.594094771
54.700000 107.713400 -363.902000 0.000000 0.000000000 0.000000000 -0.804395054 0.594094771
54.800000 107.278500 -365.315300 0.000000 0.000000000 0.000000000 -0.804395054 0.594094771
54.900000 106.843600 -366.728600 0.000000 0.000000000 0.000000000 -0.804395054 0.594094771
55.000000 279.814100 -619.465700 0.000000 0.000000000 0.000000000 -0.194329624 0.980936286
55.100000 106.408700 -368.142000 0.000000 0.000000000 0.000000000 -0.804395054 0.594094771
55.200000 473.430600 -712.204100 0.000000 0.000000000 0.000000000 -0.012543671 0.999921325
55.300000 358.127200 -326.798200 0.000000 0.000000000 0.000000000 0.740030698 0.672573093
55.400000 494.064600 -710.030500 0.000000 0.000000000 0.000000000 0.137999199 0.990432340
55.500000 105.973800 -369.555300 0.000000 0.000000000 0.000000000 -0.804395054 0.594094771
55.600000 418.848500 -632.061400 0.000000 0.000000000 0.000000000 0.996755846 0.080484679
55.700000 350.459100 -364.822000 0.000000 0.000000000 0.000000000 0.495401522 0.868664108
55.800000 168.101000 -313.797100 0.000000 0.000000000 0.000000000 -0.999721962 0.023579641
55.900000 103.364400 -378.035400 0.000000 0.000000000 0.000000000 -0.804395054 0.594094771
56.000000 102.929500 -379.448700 0.000000 0.000000000 0.000000000 -0.804395054 0.594094771
56.100000 102.929500 -379.448700 0.000000 0.000000000 0.000000000 -0.804395054 0.594094771
56.200000 489.747000 -711.257500 0.000000 0.000000000 0.000000000 0.137999199 0.990432340
56.300000 151.652200 -314.573500 0.000000 0.000000000 0.000000000 -0.999721962 0.023579641
56.400000 528.767100 -677.611300 0.000000 0.000000000 0.000000000 0.606007244 0.795459125
56.500000 492.625400 -710.439500 0.000000 0.000000000 0.000000000 0.137999199 0.990432340
56.600000 492.625400 -710.439500 0.000000 0.000000000 0.000000000 0.137999199 0.990432340
56.700000 528.767100 -677.611300 0.000000 0.000000000 0.000000000 0.606007244 0.795459125
56.800000 528.767100 -677.611300 0.000000 0.000000000 0.000000000 0.606007244 0.795459125
56.900000 109.887900 -356.835300 0.000000 0.000000000 0.000000000 -0.804395054 0.594094771
57.000000 110.822200 -588.910000 0.000000 0.000000000 0.000000000 -0.537746525 0.843106562
57.100000 110.822200 -588.910000 0.000000 0.000000000 0.000000000 -0.537746525 0.843106562
57.200000 88.168800 -432.233800 0.000000 0.000000000 0.000000000 -0.792897242 0.609355367
57.300000 359.366100 -339.740800 0.000000 0.000000000 0.000000000 0.740030698 0.672573093
57.400000 531.022900 -669.419900 0.000000 0.000000000 0.000000000 0.627956770 0.778248222
57.500000 531.398900 -668.054700 0.000000 0.000000000 0.000000000 0.668701860 0.743530647
57.600000 506.053100 -705.642500 0.000000 0.000000000 0.000000000 0.283932572 0.958844249
57.700000 492.625400 -710.439500 0.000000 0.000000000 0.000000000 0.137999199 0.990432340
57.800000 160.624300 -314.150000 0.000000 0.000000000 0.000000000 -0.999721962 0.023579641
57.900000 168.101000 -313.797100 0.000000 0.000000000 0.000000000 -0.999721962 0.023579641
58.000000 318.504000 -442.213000 0.000000 0.000000000 0.000000000 0.676045029 0.736860311
58.100000 531.507500 -659.366500 0.000000 0.000000000 0.000000000 0.744094882 0.668073953
58.200000 162.119600 -314.079400 0.000000 0.000000000 0.000000000 -0.999721962 0.023579641
58.300000 357.301200 -318.169700 0.000000 0.000000000 0.000000000 0.865959121 0.500114788
58.400000 186.045200 -312.950200 0.000000 0.000000000 0.000000000 -0.999721962 0.023579641
58.500000 319.267800 -433.356900 0.000000 0.000000000 0.000000000 0.579913492 0.814678060
58.600000 356.217000 -315.591200 0.000000 0.000000000 0.000000000 0.905167873 0.425054258
58.700000 357.197300 -353.431600 0.000000 0.000000000 0.000000000 0.495401522 0.868664108
58.800000 186.045200 -312.950200 0.000000 0.000000000 0.000000000 -0.999721962 0.023579641
58.900000 349.591100 -307.607900 0.000000 0.000000000 0.000000000 0.905167873 0.425054258
59.000000 349.591100 -307.607900 0.000000 0.000000000 0.000000000 0.905167873 0.425054258
59.100000 348.644500 -306.467400 0.000000 0.000000000 0.000000000 0.905167873 0.425054258
59.200000 348.644500 -306.467400 0.000000 0.000000000 0.000000000 0.905167873 0.425054258
59.300000 348.644500 -306.467400 0.000000 0.000000000 0.000000000 0.905167873 0.425054258
59.400000 138.717900 -320.303400 0.000000 0.000000000 0.000000000 -0.945295578 0.326215067
59.500000 136.400300 -322.119200 0.000000 0.000000000 0.000000000 -0.945295578 0.326215067
59.600000 136.400300 -322.119200 0.000000 0.000000000 0.000000000 -0.945295578 0.326215067
59.700000 135.241500 -323.027100 0.000000 0.000000000 0.000000000 -0.945295578 0.326215067
59.800000 134.082700 -323.935000 0.000000 0.000000000 0.000000000 -0.945295578 0.326215067
59.900000 136.400300 -322.119200 0.000000 0.000000000 0.000000000 -0.945295578 0.326215067
60.000000 131.765000 -325.750900 0.000000 0.000000000 0.000000000 -0.945295578 0.326215067
60.100000 527.375500 -636.019500 0.000000 0.000000000 0.000000000 0.828624449 0.559804897
60.200000 131.765000 -325.750900 0.000000 0.000000000 0.000000000 -0.945295578 0.326215067
60.300000 317.485600 -454.021100 0.000000 0.000000000 0.000000000 0.676045029 0.736860311
60.400000 315.151100 -479.497100 0.000000 0.000000000 0.000000000 0.640788579 0.767717394
60.500000 318.758600 -439.261000 0.000000 0.000000000 0.000000000 0.676045029 0.736860311
60.600000 502.700000 -707.576500 0.000000 0.000000000 0.000000000 0.258610507 0.965981680
60.700000 316.424300 -466.903700 0.000000 0.000000000 0.000000000 0.679632110 0.733553130
60.800000 354.375500 -531.284300 0.000000 0.000000000 0.000000000 0.940342982 0.340227977
60.900000 506.053100 -705.642500 0.000000 0.000000000 0.000000000 0.283932572 0.958844249
61.000000 506.053100 -705.642500 0.000000 0.000000000 0.000000000 0.283932572 0.958844249
61.100000 123.653300 -332.106400 0.000000 0.000000000 0.000000000 -0.945295578 0.326215067
61.200000 320.247300 -430.530200 0.000000 0.000000000 0.000000000 0.579913492 0.814678060
61.300000 239.466100 -602.756500 0.000000 0.000000000 0.000000000 -0.195471793 0.980709324
61.400000 510.474500 -702.699100 0.000000 0.000000000 0.000000000 0.369565153 0.929204820
61.500000 243.505000 -604.433100 0.000000 0.000000000 0.000000000 -0.195471793 0.980709324
61.600000 467.952100 -710.382600 0.000000 0.000000000 0.000000000 -0.159805877 0.987148460
61.700000 248.890200 -606.668700 0.000000 0.000000000 0.000000000 -0.195471793 0.980709324
61.800000 247.543900 -606.109800 0.000000 0.000000000 0.000000000 -0.195471793 0.980709324
61.900000 349.700500 -527.798800 0.000000 0.000000000 0.000000000 0.985153783 0.171674179
62.000000 120.176900 -334.830100 0.000000 0.000000000 0.000000000 -0.945295578 0.326215067
62.100000 113.802000 -344.115200 0.000000 0.000000000 0.000000000 -0.804395054 0.594094771
62.200000 82.323200 -476.056300 0.000000 0.000000000 0.000000000 -0.636957417 0.770898988
62.300000 82.603700 -477.517000 0.000000 0.000000000 0.000000000 -0.636957417 0.770898988
62.400000 294.582400 -625.556100 0.000000 0.000000000 0.000000000 -0.194329624 0.980936286
62.500000 82.323200 -476.056300 0.000000 0.000000000 0.000000000 -0.636957417 0.770898988
62.600000 82.603700 -477.517000 0.000000 0.000000000 0.000000000 -0.636957417 0.770898988
62.700000 83.445100 -481.899000 0.000000 0.000000000 0.000000000 -0.636957417 0.770898988
62.800000 83.445100 -481.899000 0.000000 0.000000000 0.000000000 -0.636957417 0.770898988
62.900000 83.445100 -481.899000 0.000000 0.000000000 0.000000000 -0.636957417 0.770898988
63.000000 305.322900 -629.985500 0.000000 0.000000000 0.000000000 -0.250894305 0.968014487
63.100000 274.443800 -617.251000 0.000000 0.000000000 0.000000000 -0.194329624 0.980936286
63.200000 313.145400 -634.332400 0.000000 0.000000000 0.000000000 -0.250894305 0.968014487
63.300000 311.841700 -633.607900 0.000000 0.000000000 0.000000000 -0.250894305 0.968014487
63.400000 313.145400 -634.332400 0.000000 0.000000000 0.000000000 -0.250894305 0.968014487
63.500000 314.449200 -635.056900 0.000000 0.000000000 0.000000000 -0.250894305 0.968014487
63.600000 314.449200 -635.056900 0.000000 0.000000000 0.000000000 -0.250894305 0.968014487
63.700000 85.127900 -490.663000 0.000000 0.000000000 0.000000000 -0.636957417 0.770898988
63.800000 85.408400 -492.123700 0.000000 0.000000000 0.000000000 -0.636957417 0.770898988
63.900000 285.184400 -621.680400 0.000000 0.000000000 0.000000000 -0.194329624 0.980936286
64.000000 107.278500 -365.315300 0.000000 0.000000000 0.000000000 -0.804395054 0.594094771
64.100000 287.869500 -622.787700 0.000000 0.000000000 0.000000000 -0.194329624 0.980936286
64.200000 287.869500 -622.787700 0.000000 0.000000000 0.000000000 -0.194329624 0.980936286
64.300000 328.197700 -302.998400 0.000000 0.000000000 0.000000000 -0.895694239 0.444670474
64.400000 290.554700 -623.895100 0.000000 0.000000000 0.000000000 -0.194329624 0.980936286
64.500000 328.790500 -643.026400 0.000000 0.000000000 0.000000000 -0.250894305 0.968014487
64.600000 87.652100 -503.809000 0.000000 0.000000000 0.000000000 -0.628139252 0.778100945
64.700000 333.247700 -296.500600 0.000000 0.000000000 0.000000000 -0.899859590 0.436179685
64.800000 88.213100 -506.730300 0.000000 0.000000000 0.000000000 -0.615039058 0.788496644
64.900000 172.587000 -313.585400 0.000000 0.000000000 0.000000000 -0.999721962 0.023579641
65.000000 172.587000 -313.585400 0.000000 0.000000000 0.000000000 -0.999721962 0.023579641
65.100000 329.856700 -300.812400 0.000000 0.000000000 0.000000000 -0.895694239 0.444670474
65.200000 172.587000 -313.585400 0.000000 0.000000000 0.000000000 -0.999721962 0.023579641
65.300000 166.605700 -313.867700 0.000000 0.000000000 0.000000000 -0.999721962 0.023579641
65.400000 166.605700 -313.867700 0.000000 0.000000000 0.000000000 -0.999721962 0.023579641
65.500000 196.821500 -622.940500 0.000000 0.000000000 0.000000000 0.213089499 0.977032684
65.600000 88.930300 -509.587500 0.000000 0.000000000 0.000000000 -0.615039058 0.788496644
65.700000 91.440400 -519.587700 0.000000 0.000000000 0.000000000 -0.615039058 0.788496644
65.800000 91.798900 -521.016200 0.000000 0.000000000 0.000000000 -0.615039058 0.788496644
65.900000 92.157500 -522.444800 0.000000 0.000000000 0.000000000 -0.615039058 0.788496644
66.000000 92.516100 -523.873400 0.000000 0.000000000 0.000000000 -0.615039058 0.788496644
66.100000 92.516100 -523.873400 0.000000 0.000000000 0.000000000 -0.615039058 0.788496644
66.200000 92.874700 -525.302000 0.000000 0.000000000 0.000000000 -0.615039058 0.788496644
66.300000 92.874700 -525.302000 0.000000 0.000000000 0.000000000 -0.615039058 0.788496644
66.400000 93.591900 -528.159200 0.000000 0.000000000 0.000000000 -0.615039058 0.788496644
66.500000 93.591900 -528.159200 0.000000 0.000000000 0.000000000 -0.615039058 0.788496644
66.600000 93.950500 -529.587800 0.000000 0.000000000 0.000000000 -0.615039058 0.788496644
66.700000 94.309000 -531.016400 0.000000 0.000000000 0.000000000 -0.615039058 0.788496644
66.800000 95.026200 -533.873600 0.000000 0.000000000 0.000000000 -0.615039058 0.788496644
66.900000 95.026200 -533.873600 0.000000 0.000000000 0.000000000 -0.615039058 0.788496644
67.000000 95.743400 -536.730700 0.000000 0.000000000 0.000000000 -0.615039058 0.788496644
67.100000 96.102000 -538.159300 0.000000 0.000000000 0.000000000 -0.615039058 0.788496644
67.200000 96.102000 -538.159300 0.000000 0.000000000 0.000000000 -0.615039058 0.788496644
67.300000 96.819100 -541.016500 0.000000 0.000000000 0.000000000 -0.615039058 0.788496644
67.400000 96.819100 -541.016500 0.000000 0.000000000 0.000000000 -0.615039058 0.788496644
67.500000 97.536300 -543.873700 0.000000 0.000000000 0.000000000 -0.615039058 0.788496644
67.600000 97.536300 -543.873700 0.000000 0.000000000 0.000000000 -0.615039058 0.788496644
67.700000 98.253500 -546.730900 0.000000 0.000000000 0.000000000 -0.615039058 0.788496644
67.800000 98.253500 -546.730900 0.000000 0.000000000 0.000000000 -0.615039058 0.788496644
67.900000 98.970700 -549.588100 0.000000 0.000000000 0.000000000 -0.615039058 0.788496644
68.000000 99.329200 -551.016600 0.000000 0.000000000 0.000000000 -0.615039058 0.788496644
68.100000 99.329200 -551.016600 0.000000 0.000000000 0.000000000 -0.615039058 0.788496644
68.200000 100.046400 -553.873800 0.000000 0.000000000 0.000000000 -0.615039058 0.788496644
68.300000 100.046400 -553.873800 0.000000 0.000000000 0.000000000 -0.615039058 0.788496644
68.400000 100.405000 -555.302400 0.000000 0.000000000 0.000000000 -0.615039058 0.788496644
68.500000 100.763600 -556.731000 0.000000 0.000000000 0.000000000 -0.615039058 0.788496644
68.600000 101.122200 -558.159600 0.000000 0.000000000 0.000000000 -0.612867974 0.790185324
68.700000 103.476500 -566.679600 0.000000 0.000000000 0.000000000 -0.596208412 0.802829701
68.800000 101.839300 -561.016800 0.000000 0.000000000 0.000000000 -0.601790007 0.798654360
68.900000 102.624100 -563.856800 0.000000 0.000000000 0.000000000 -0.596208412 0.802829701
69.000000 103.050300 -565.268200 0.000000 0.000000000 0.000000000 -0.596208412 0.802829701
69.100000 103.476500 -566.679600 0.000000 0.000000000 0.000000000 -0.596208412 0.802829701
69.200000 103.476500 -566.679600 0.000000 0.000000000 0.000000000 -0.596208412 0.802829701
69.300000 103.902700 -568.091100 0.000000 0.000000000 0.000000000 -0.596208412 0.802829701
69.400000 104.755100 -570.913900 0.000000 0.000000000 0.000000000 -0.596208412 0.802829701
69.500000 484.311800 -711.767300 0.000000 0.000000000 0.000000000 0.046745459 0.998906834
69.600000 106.459900 -576.559600 0.000000 0.000000000 0.000000000 -0.596208412 0.802829701
69.700000 239.466100 -602.756500 0.000000 0.000000000 0.000000000 -0.195471793 0.980709324
69.800000 403.416500 -609.082400 0.000000 0.000000000 0.000000000 0.720945690 0.692991568
69.900000 357.989500 -325.360100 0.000000 0.000000000 0.000000000 0.740030698 0.672573093
70.000000 107.738500 -580.793900 0.000000 0.000000000 0.000000000 -0.589626238 0.807676235
70.100000 108.164700 -582.205300 0.000000 0.000000000 0.000000000 -0.572579728 0.819849044
70.200000 357.576500 -321.045900 0.000000 0.000000000 0.000000000 0.765222254 0.643766186
70.300000 357.301200 -318.169700 0.000000 0.000000000 0.000000000 0.865959121 0.500114788
70.400000 357.301200 -318.169700 0.000000 0.000000000 0.000000000 0.865959121 0.500114788
70.500000 357.301200 -318.169700 0.000000 0.000000000 0.000000000 0.865959121 0.500114788
70.600000 357.301200 -318.169700 0.000000 0.000000000 0.000000000 0.865959121 0.500114788
70.700000 357.163600 -316.731700 0.000000 0.000000000 0.000000000 0.905167873 0.425054258
70.800000 356.217000 -315.591200 0.000000 0.000000000 0.000000000 0.905167873 0.425054258
70.900000 351.484200 -309.888800 0.000000 0.000000000 0.000000000 0.905167873 0.425054258
71.000000 350.537600 -308.748400 0.000000 0.000000000 0.000000000 0.905167873 0.425054258
71.100000 350.537600 -308.748400 0.000000 0.000000000 0.000000000 0.905167873 0.425054258
71.200000 349.591100 -307.607900 0.000000 0.000000000 0.000000000 0.905167873 0.425054258
71.300000 348.644500 -306.467400 0.000000 0.000000000 0.000000000 0.905167873 0.425054258
71.400000 347.697900 -305.327000 0.000000 0.000000000 0.000000000 0.905167873 0.425054258
71.500000 470.691300 -711.293400 0.000000 0.000000000 0.000000000 -0.132833728 0.991138336
71.600000 472.061000 -711.748700 0.000000 0.000000000 0.000000000 -0.073056357 0.997327814
71.700000 345.804800 -303.046000 0.000000 0.000000000 0.000000000 0.905167873 0.425054258
71.800000 344.858300 -301.905600 0.000000 0.000000000 0.000000000 0.905167873 0.425054258
71.900000 343.911700 -300.765100 0.000000 0.000000000 0.000000000 0.906783496 0.421596597
72.000000 108.590900 -583.616700 0.000000 0.000000000 0.000000000 -0.555263697 0.831674352
72.100000 108.164700 -582.205300 0.000000 0.000000000 0.000000000 -0.572579728 0.819849044
72.200000 108.164700 -582.205300 0.000000 0.000000000 0.000000000 -0.572579728 0.819849044
72.300000 516.884100 -696.642600 0.000000 0.000000000 0.000000000 0.425591104 0.904915583
72.400000 340.125500 -296.351200 0.000000 0.000000000 0.000000000 0.991008910 0.133795889
72.500000 341.072000 -297.343700 0.000000 0.000000000 0.000000000 0.965380454 0.260845893
72.600000 451.516800 -704.918100 0.000000 0.000000000 0.000000000 -0.159805877 0.987148460
72.700000 263.699600 -612.816400 0.000000 0.000000000 0.000000000 -0.194662641 0.980870255
72.800000 175.831000 -626.977500 0.000000 0.000000000 0.000000000 0.073014469 0.997330882
72.900000 336.152500 -294.917900 0.000000 0.000000000 0.000000000 -0.952427993 0.304763710
73.000000 525.173500 -630.546000 0.000000 0.000000000 0.000000000 0.828624449 0.559804897
73.100000 524.623000 -629.177600 0.000000 0.000000000 0.000000000 0.828624449 0.559804897
73.200000 137.803200 -624.991800 0.000000 0.000000000 0.000000000 -0.124850847 0.992175522
73.300000 137.803200 -624.991800 0.000000 0.000000000 0.000000000 -0.124850847 0.992175522
73.400000 122.760900 -610.107400 0.000000 0.000000000 0.000000000 -0.443249499 0.896398283
73.500000 143.561900 -626.464400 0.000000 0.000000000 0.000000000 -0.113490449 0.993539087
73.600000 142.122200 -626.096200 0.000000 0.000000000 0.000000000 -0.124850847 0.992175522
73.700000 142.122200 -626.096200 0.000000 0.000000000 0.000000000 -0.124850847 0.992175522
73.800000 142.122200 -626.096200 0.000000 0.000000000 0.000000000 -0.124850847 0.992175522
73.900000 143.561900 -626.464400 0.000000 0.000000000 0.000000000 -0.113490449 0.993539087
74.000000 133.385300 -621.611700 0.000000 0.000000000 0.000000000 -0.320763527 0.947159311
74.100000 146.441200 -627.200700 0.000000 0.000000000 0.000000000 -0.050519985 0.998723050
74.200000 150.725000 -627.677400 0.000000 0.000000000 0.000000000 -0.019074843 0.999818059
74.300000 150.725000 -627.677400 0.000000 0.000000000 0.000000000 -0.019074843 0.999818059
74.400000 154.991200 -627.840200 0.000000 0.000000000 0.000000000 -0.001954999 0.999998089
74.500000 121.874300 -608.946800 0.000000 0.000000000 0.000000000 -0.443249499 0.896398283
74.600000 140.682600 -625.728100 0.000000 0.000000000 0.000000000 -0.124850847 0.992175522
74.700000 140.682600 -625.728100 0.000000 0.000000000 0.000000000 -0.124850847 0.992175522
74.800000 143.561900 -626.464400 0.000000 0.000000000 0.000000000 -0.113490449 0.993539087
74.900000 150.725000 -627.677400 0.000000 0.000000000 0.000000000 -0.019074843 0.999818059
75.000000 152.147000 -627.731700 0.000000 0.000000000 0.000000000 -0.015578870 0.999878642
75.100000 154.991200 -627.840200 0.000000 0.000000000 0.000000000 -0.001954999 0.999998089
75.200000 154.991200 -627.840200 0.000000 0.000000000 0.000000000 -0.001954999 0.999998089
75.300000 156.413200 -627.894500 0.000000 0.000000000 0.000000000 0.004855481 0.999988212
75.400000 157.813100 -627.880900 0.000000 0.000000000 0.000000000 0.004855481 0.999988212
75.500000 160.612800 -627.853700 0.000000 0.000000000 0.000000000 0.004855481 0.999988212
75.600000 162.012700 -627.840100 0.000000 0.000000000 0.000000000 0.004855481 0.999988212
75.700000 162.012700 -627.840100 0.000000 0.000000000 0.000000000 0.004855481 0.999988212
75.800000 163.412600 -627.826500 0.000000 0.000000000 0.000000000 0.004855481 0.999988212
75.900000 164.812500 -627.812900 0.000000 0.000000000 0.000000000 0.013352103 0.999910857
76.000000 167.612200 -627.785700 0.000000 0.000000000 0.000000000 0.043121625 0.999069830
76.100000 167.612200 -627.785700 0.000000 0.000000000 0.000000000 0.043121625 0.999069830
76.200000 169.012100 -627.772100 0.000000 0.000000000 0.000000000 0.057975973 0.998317979
76.300000 171.739700 -627.454300 0.000000 0.000000000 0.000000000 0.057975973 0.998317979
76.400000 171.739700 -627.454300 0.000000 0.000000000 0.000000000 0.057975973 0.998317979
76.500000 174.467300 -627.136400 0.000000 0.000000000 0.000000000 0.063853529 0.997959281
76.600000 174.467300 -627.136400 0.000000 0.000000000 0.000000000 0.063853529 0.997959281
76.700000 175.831000 -626.977500 0.000000 0.000000000 0.000000000 0.073014469 0.997330882
76.800000 177.194800 -626.818500 0.000000 0.000000000 0.000000000 0.082170748 0.996618266
76.900000 179.976400 -626.397400 0.000000 0.000000000 0.000000000 0.091315117 0.995822047
77.000000 181.394100 -626.135200 0.000000 0.000000000 0.000000000 0.091315117 0.995822047
77.100000 181.394100 -626.135200 0.000000 0.000000000 0.000000000 0.091315117 0.995822047
77.200000 184.229600 -625.610700 0.000000 0.000000000 0.000000000 0.091315117 0.995822047
77.300000 184.229600 -625.610700 0.000000 0.000000000 0.000000000 0.091315117 0.995822047
77.400000 185.647300 -625.348500 0.000000 0.000000000 0.000000000 0.091315117 0.995822047
77.500000 188.482700 -624.824100 0.000000 0.000000000 0.000000000 0.091315117 0.995822047
77.600000 188.482700 -624.824100 0.000000 0.000000000 0.000000000 0.091315117 0.995822047
77.700000 189.900500 -624.561900 0.000000 0.000000000 0.000000000 0.091315117 0.995822047
77.800000 192.735900 -624.037500 0.000000 0.000000000 0.000000000 0.143091145 0.989709515
77.900000 192.735900 -624.037500 0.000000 0.000000000 0.000000000 0.143091145 0.989709515
78.000000 194.153700 -623.775300 0.000000 0.000000000 0.000000000 0.178333459 0.983970110
78.100000 195.571400 -623.513100 0.000000 0.000000000 0.000000000 0.213089499 0.977032684
78.200000 196.821500 -622.940500 0.000000 0.000000000 0.000000000 0.213089499 0.977032684
78.300000 198.071600 -622.368000 0.000000 0.000000000 0.000000000 0.213089499 0.977032684
78.400000 200.571800 -621.223000 0.000000 0.000000000 0.000000000 0.213089499 0.977032684
78.500000 201.821900 -620.650400 0.000000 0.000000000 0.000000000 0.213089499 0.977032684
78.600000 201.821900 -620.650400 0.000000 0.000000000 0.000000000 0.213089499 0.977032684
78.700000 203.072000 -620.077900 0.000000 0.000000000 0.000000000 0.213089499 0.977032684
78.800000 204.322100 -619.505400 0.000000 0.000000000 0.000000000 0.213089499 0.977032684
78.900000 205.572200 -618.932900 0.000000 0.000000000 0.000000000 0.228892669 0.973451666
79.000000 206.822300 -618.360300 0.000000 0.000000000 0.000000000 0.253712579 0.967279653
79.100000 208.072400 -617.787800 0.000000 0.000000000 0.000000000 0.278390062 0.960468101
79.200000 209.322500 -617.215300 0.000000 0.000000000 0.000000000 0.302780737 0.953060242
79.300000 210.486500 -616.392700 0.000000 0.000000000 0.000000000 0.302780737 0.953060242
79.400000 211.650500 -615.570100 0.000000 0.000000000 0.000000000 0.302780737 0.953060242
79.500000 213.978400 -613.924900 0.000000 0.000000000 0.000000000 0.302780737 0.953060242
79.600000 213.978400 -613.924900 0.000000 0.000000000 0.000000000 0.302780737 0.953060242
79.700000 215.142400 -613.102300 0.000000 0.000000000 0.000000000 0.302780737 0.953060242
79.800000 216.306300 -612.279700 0.000000 0.000000000 0.000000000 0.302780737 0.953060242
79.900000 217.470300 -611.457100 0.000000 0.000000000 0.000000000 0.302780737 0.953060242
80.000000 218.634300 -610.634600 0.000000 0.000000000 0.000000000 0.302780737 0.953060242
80.100000 219.798200 -609.812000 0.000000 0.000000000 0.000000000 0.311861866 0.950127453
80.200000 220.962200 -608.989400 0.000000 0.000000000 0.000000000 0.329694534 0.944087662
80.300000 223.290200 -607.344200 0.000000 0.000000000 0.000000000 0.364989942 0.931011462
80.400000 223.290200 -607.344200 0.000000 0.000000000 0.000000000 0.364989942 0.931011462
80.500000 224.385500 -606.329400 0.000000 0.000000000 0.000000000 0.364989942 0.931011462
80.600000 225.480800 -605.314600 0.000000 0.000000000 0.000000000 0.363144428 0.931732861
80.700000 226.576100 -604.299900 0.000000 0.000000000 0.000000000 0.351274963 0.936272343
80.800000 227.671400 -603.285100 0.000000 0.000000000 0.000000000 0.307968490 0.951396557
80.900000 228.766800 -602.270300 0.000000 0.000000000 0.000000000 0.203306722 0.979115099
81.000000 234.021200 -600.558000 0.000000 0.000000000 0.000000000 -0.189871241 0.981809000
81.100000 235.427100 -601.079800 0.000000 0.000000000 0.000000000 -0.195471793 0.980709324
81.200000 236.773400 -601.638700 0.000000 0.000000000 0.000000000 -0.195471793 0.980709324
81.300000 315.832400 -478.394000 0.000000 0.000000000 0.000000000 0.688614415 0.725127704
81.400000 315.909700 -476.899500 0.000000 0.000000000 0.000000000 0.688651758 0.725092239
81.500000 310.980000 -488.897600 0.000000 0.000000000 0.000000000 0.608978016 0.793187100
81.600000 316.064200 -473.910500 0.000000 0.000000000 0.000000000 0.689000448 0.724760914
81.700000 316.491900 -465.849400 0.000000 0.000000000 0.000000000 0.677983204 0.735077394
81.800000 243.505000 -604.433100 0.000000 0.000000000 0.000000000 -0.195471793 0.980709324
81.900000 244.851300 -604.992000 0.000000 0.000000000 0.000000000 -0.195471793 0.980709324
82.000000 246.197600 -605.550900 0.000000 0.000000000 0.000000000 -0.195471793 0.980709324
82.100000 247.543900 -606.109800 0.000000 0.000000000 0.000000000 -0.195471793 0.980709324
82.200000 247.543900 -606.109800 0.000000 0.000000000 0.000000000 -0.195471793 0.980709324
82.300000 316.694300 -463.227100 0.000000 0.000000000 0.000000000 0.676235853 0.736685191
82.400000 316.694300 -463.227100 0.000000 0.000000000 0.000000000 0.676235853 0.736685191
82.500000 316.694300 -463.227100 0.000000 0.000000000 0.000000000 0.676235853 0.736685191
82.600000 316.976400 -459.925200 0.000000 0.000000000 0.000000000 0.676045029 0.736860311
82.700000 254.275400 -608.904200 0.000000 0.000000000 0.000000000 -0.195471793 0.980709324
82.800000 252.929100 -608.345300 0.000000 0.000000000 0.000000000 -0.195471793 0.980709324
82.900000 255.621700 -609.463100 0.000000 0.000000000 0.000000000 -0.195471793 0.980709324
83.000000 256.968000 -610.022000 0.000000 0.000000000 0.000000000 -0.195471793 0.980709324
83.100000 258.314300 -610.580900 0.000000 0.000000000 0.000000000 -0.195471793 0.980709324
83.200000 258.314300 -610.580900 0.000000 0.000000000 0.000000000 -0.195471793 0.980709324
83.300000 259.660600 -611.139800 0.000000 0.000000000 0.000000000 -0.195471793 0.980709324
83.400000 261.007000 -611.698600 0.000000 0.000000000 0.000000000 -0.195328607 0.980737852
83.500000 263.699600 -612.816400 0.000000 0.000000000 0.000000000 -0.194662641 0.980870255
83.600000 263.699600 -612.816400 0.000000 0.000000000 0.000000000 -0.194662641 0.980870255
83.700000 169.596400 -313.726600 0.000000 0.000000000 0.000000000 -0.999721962 0.023579641
83.800000 169.596400 -313.726600 0.000000 0.000000000 0.000000000 -0.999721962 0.023579641
83.900000 166.605700 -313.867700 0.000000 0.000000000 0.000000000 -0.999721962 0.023579641
84.000000 166.605700 -313.867700 0.000000 0.000000000 0.000000000 -0.999721962 0.023579641
84.100000 165.110300 -313.938300 0.000000 0.000000000 0.000000000 -0.999721962 0.023579641
84.200000 285.184400 -621.680400 0.000000 0.000000000 0.000000000 -0.194329624 0.980936286
84.300000 285.184400 -621.680400 0.000000 0.000000000 0.000000000 -0.194329624 0.980936286
84.400000 274.443800 -617.251000 0.000000 0.000000000 0.000000000 -0.194329624 0.980936286
84.500000 287.869500 -622.787700 0.000000 0.000000000 0.000000000 -0.194329624 0.980936286
84.600000 290.554700 -623.895100 0.000000 0.000000000 0.000000000 -0.194329624 0.980936286
84.700000 290.554700 -623.895100 0.000000 0.000000000 0.000000000 -0.194329624 0.980936286
84.800000 290.554700 -623.895100 0.000000 0.000000000 0.000000000 -0.194329624 0.980936286
84.900000 279.814100 -619.465700 0.000000 0.000000000 0.000000000 -0.194329624 0.980936286
85.000000 281.156700 -620.019400 0.000000 0.000000000 0.000000000 -0.194329624 0.980936286
85.100000 294.582400 -625.556100 0.000000 0.000000000 0.000000000 -0.194329624 0.980936286
85.200000 295.924900 -626.109800 0.000000 0.000000000 0.000000000 -0.194329624 0.980936286
85.300000 297.267500 -626.663400 0.000000 0.000000000 0.000000000 -0.194329624 0.980936286
85.400000 297.267500 -626.663400 0.000000 0.000000000 0.000000000 -0.194329624 0.980936286
85.500000 295.924900 -626.109800 0.000000 0.000000000 0.000000000 -0.194329624 0.980936286
85.600000 299.952600 -627.770800 0.000000 0.000000000 0.000000000 -0.194329624 0.980936286
85.700000 301.295200 -628.324400 0.000000 0.000000000 0.000000000 -0.201636547 0.979460414
85.800000 295.924900 -626.109800 0.000000 0.000000000 0.000000000 -0.194329624 0.980936286
85.900000 301.295200 -628.324400 0.000000 0.000000000 0.000000000 -0.201636547 0.979460414
86.000000 299.952600 -627.770800 0.000000 0.000000000 0.000000000 -0.194329624 0.980936286
86.100000 301.295200 -628.324400 0.000000 0.000000000 0.000000000 -0.201636547 0.979460414
86.200000 302.637800 -628.878100 0.000000 0.000000000 0.000000000 -0.218121297 0.975921667
86.300000 303.980300 -629.431800 0.000000 0.000000000 0.000000000 -0.234554735 0.972102914
86.400000 303.980300 -629.431800 0.000000 0.000000000 0.000000000 -0.234554735 0.972102914
86.500000 303.980300 -629.431800 0.000000 0.000000000 0.000000000 -0.234554735 0.972102914
86.600000 306.626700 -630.710000 0.000000 0.000000000 0.000000000 -0.250894305 0.968014487
86.700000 307.930400 -631.434500 0.000000 0.000000000 0.000000000 -0.250894305 0.968014487
86.800000 306.626700 -630.710000 0.000000 0.000000000 0.000000000 -0.250894305 0.968014487
86.900000 307.930400 -631.434500 0.000000 0.000000000 0.000000000 -0.250894305 0.968014487
87.000000 309.234200 -632.158900 0.000000 0.000000000 0.000000000 -0.250894305 0.968014487
87.100000 313.145400 -634.332400 0.000000 0.000000000 0.000000000 -0.250894305 0.968014487
87.200000 314.449200 -635.056900 0.000000 0.000000000 0.000000000 -0.250894305 0.968014487
87.300000 314.449200 -635.056900 0.000000 0.000000000 0.000000000 -0.250894305 0.968014487
87.400000 314.449200 -635.056900 0.000000 0.000000000 0.000000000 -0.250894305 0.968014487
87.500000 315.753000 -635.781400 0.000000 0.000000000 0.000000000 -0.250894305 0.968014487
87.600000 318.360500 -637.230400 0.000000 0.000000000 0.000000000 -0.250894305 0.968014487
87.700000 319.664200 -637.954900 0.000000 0.000000000 0.000000000 -0.250894305 0.968014487
87.800000 319.664200 -637.954900 0.000000 0.000000000 0.000000000 -0.250894305 0.968014487
87.900000 320.968000 -638.679400 0.000000 0.000000000 0.000000000 -0.250894305 0.968014487
88.000000 322.271700 -639.403900 0.000000 0.000000000 0.000000000 -0.250894305 0.968014487
88.100000 324.879300 -640.852900 0.000000 0.000000000 0.000000000 -0.250894305 0.968014487
88.200000 326.183000 -641.577400 0.000000 0.000000000 0.000000000 -0.250894305 0.968014487
88.300000 326.183000 -641.577400 0.000000 0.000000000 0.000000000 -0.250894305 0.968014487
88.400000 327.486800 -642.301900 0.000000 0.000000000 0.000000000 -0.250894305 0.968014487
88.500000 330.094300 -643.750900 0.000000 0.000000000 0.000000000 -0.250894305 0.968014487
88.600000 330.094300 -643.750900 0.000000 0.000000000 0.000000000 -0.250894305 0.968014487
88.700000 332.701800 -645.199900 0.000000 0.000000000 0.000000000 -0.250894305 0.968014487
88.800000 332.701800 -645.199900 0.000000 0.000000000 0.000000000 -0.250894305 0.968014487
88.900000 334.005500 -645.924400 0.000000 0.000000000 0.000000000 -0.250894305 0.968014487
89.000000 335.309300 -646.648800 0.000000 0.000000000 0.000000000 -0.250894305 0.968014487
89.100000 337.916800 -648.097800 0.000000 0.000000000 0.000000000 -0.250894305 0.968014487
89.200000 339.220600 -648.822300 0.000000 0.000000000 0.000000000 -0.250894305 0.968014487
89.300000 336.613100 -647.373300 0.000000 0.000000000 0.000000000 -0.250894305 0.968014487
89.400000 379.932000 -670.225800 0.000000 0.000000000 0.000000000 -0.231448161 0.972847238
89.500000 381.252200 -670.891600 0.000000 0.000000000 0.000000000 -0.231448161 0.972847238
89.600000 382.572300 -671.557400 0.000000 0.000000000 0.000000000 -0.231448161 0.972847238
89.700000 405.014800 -682.876600 0.000000 0.000000000 0.000000000 -0.231448161 0.972847238
89.800000 406.335000 -683.542400 0.000000 0.000000000 0.000000000 -0.231448161 0.972847238
89.900000 281.156700 -620.019400 0.000000 0.000000000 0.000000000 -0.194329624 0.980936286
90.000000 227.671400 -603.285100 0.000000 0.000000000 0.000000000 0.307968490 0.951396557
90.100000 230.902100 -600.651600 0.000000 0.000000000 0.000000000 -0.056261277 0.998416080
90.200000 397.093900 -678.881600 0.000000 0.000000000 0.000000000 -0.231448161 0.972847238
90.300000 230.902100 -600.651600 0.000000 0.000000000 0.000000000 -0.056261277 0.998416080
90.400000 398.414100 -679.547400 0.000000 0.000000000 0.000000000 -0.231448161 0.972847238
90.500000 399.734200 -680.213300 0.000000 0.000000000 0.000000000 -0.231448161 0.972847238
90.600000 357.489500 -658.906600 0.000000 0.000000000 0.000000000 -0.231448161 0.972847238
90.700000 403.694700 -682.210800 0.000000 0.000000000 0.000000000 -0.231448161 0.972847238
90.800000 402.374500 -681.544900 0.000000 0.000000000 0.000000000 -0.231448161 0.972847238
90.900000 406.335000 -683.542400 0.000000 0.000000000 0.000000000 -0.231448161 0.972847238
91.000000 407.655100 -684.208300 0.000000 0.000000000 0.000000000 -0.231448161 0.972847238
91.100000 408.975300 -684.874100 0.000000 0.000000000 0.000000000 -0.231448161 0.972847238
91.200000 410.295400 -685.539900 0.000000 0.000000000 0.000000000 -0.231448161 0.972847238
91.300000 411.615600 -686.205800 0.000000 0.000000000 0.000000000 -0.231448161 0.972847238
91.400000 368.050700 -664.233300 0.000000 0.000000000 0.000000000 -0.231448161 0.972847238
91.500000 368.050700 -664.233300 0.000000 0.000000000 0.000000000 -0.231448161 0.972847238
91.600000 369.370900 -664.899100 0.000000 0.000000000 0.000000000 -0.231448161 0.972847238
91.700000 372.011200 -666.230800 0.000000 0.000000000 0.000000000 -0.231448161 0.972847238
91.800000 373.331300 -666.896600 0.000000 0.000000000 0.000000000 -0.231448161 0.972847238
91.900000 373.331300 -666.896600 0.000000 0.000000000 0.000000000 -0.231448161 0.972847238
92.000000 374.651500 -667.562400 0.000000 0.000000000 0.000000000 -0.231448161 0.972847238
92.100000 379.932000 -670.225800 0.000000 0.000000000 0.000000000 -0.231448161 0.972847238
92.200000 377.291700 -668.894100 0.000000 0.000000000 0.000000000 -0.231448161 0.972847238
92.300000 379.932000 -670.225800 0.000000 0.000000000 0.000000000 -0.231448161 0.972847238
92.400000 381.252200 -670.891600 0.000000 0.000000000 0.000000000 -0.231448161 0.972847238
92.500000 381.252200 -670.891600 0.000000 0.000000000 0.000000000 -0.231448161 0.972847238
92.600000 383.892500 -672.223300 0.000000 0.000000000 0.000000000 -0.231448161 0.972847238
92.700000 383.892500 -672.223300 0.000000 0.000000000 0.000000000 -0.231448161 0.972847238
92.800000 386.532800 -673.554900 0.000000 0.000000000 0.000000000 -0.231448161 0.972847238
92.900000 387.852900 -674.220800 0.000000 0.000000000 0.000000000 -0.231448161 0.972847238
93.000000 387.852900 -674.220800 0.000000 0.000000000 0.000000000 -0.231448161 0.972847238
93.100000 389.173100 -674.886600 0.000000 0.000000000 0.000000000 -0.231448161 0.972847238
93.200000 390.493200 -675.552400 0.000000 0.000000000 0.000000000 -0.231448161 0.972847238
93.300000 391.813400 -676.218300 0.000000 0.000000000 0.000000000 -0.231448161 0.972847238
93.400000 393.133500 -676.884100 0.000000 0.000000000 0.000000000 -0.231448161 0.972847238
93.500000 394.453700 -677.549900 0.000000 0.000000000 0.000000000 -0.231448161 0.972847238
93.600000 397.093900 -678.881600 0.000000 0.000000000 0.000000000 -0.231448161 0.972847238
93.700000 397.093900 -678.881600 0.000000 0.000000000 0.000000000 -0.231448161 0.972847238
93.800000 398.414100 -679.547400 0.000000 0.000000000 0.000000000 -0.231448161 0.972847238
93.900000 399.734200 -680.213300 0.000000 0.000000000 0.000000000 -0.231448161 0.972847238
94.000000 402.374500 -681.544900 0.000000 0.000000000 0.000000000 -0.231448161 0.972847238
94.100000 402.374500 -681.544900 0.000000 0.000000000 0.000000000 -0.231448161 0.972847238
94.200000 403.694700 -682.210800 0.000000 0.000000000 0.000000000 -0.231448161 0.972847238
94.300000 406.335000 -683.542400 0.000000 0.000000000 0.000000000 -0.231448161 0.972847238
94.400000 406.335000 -683.542400 0.000000 0.000000000 0.000000000 -0.231448161 0.972847238
94.500000 408.975300 -684.874100 0.000000 0.000000000 0.000000000 -0.231448161 0.972847238
94.600000 408.975300 -684.874100 0.000000 0.000000000 0.000000000 -0.231448161 0.972847238
94.700000 410.295400 -685.539900 0.000000 0.000000000 0.000000000 -0.231448161 0.972847238
94.800000 411.615600 -686.205800 0.000000 0.000000000 0.000000000 -0.231448161 0.972847238
94.900000 412.935700 -686.871600 0.000000 0.000000000 0.000000000 -0.231448161 0.972847238
95.000000 415.576000 -688.203300 0.000000 0.000000000 0.000000000 -0.231448161 0.972847238
95.100000 415.576000 -688.203300 0.000000 0.000000000 0.000000000 -0.231448161 0.972847238
95.200000 418.216300 -689.534900 0.000000 0.000000000 0.000000000 -0.231448161 0.972847238
95.300000 418.216300 -689.534900 0.000000 0.000000000 0.000000000 -0.231448161 0.972847238
95.400000 419.536400 -690.200800 0.000000 0.000000000 0.000000000 -0.231448161 0.972847238
95.500000 420.856600 -690.866600 0.000000 0.000000000 0.000000000 -0.231448161 0.972847238
95.600000 422.176700 -691.532500 0.000000 0.000000000 0.000000000 -0.231448161 0.972847238
95.700000 423.496900 -692.198300 0.000000 0.000000000 0.000000000 -0.231448161 0.972847238
95.800000 426.137200 -693.530000 0.000000 0.000000000 0.000000000 -0.231448161 0.972847238
95.900000 426.137200 -693.530000 0.000000 0.000000000 0.000000000 -0.231448161 0.972847238
96.000000 427.457300 -694.195800 0.000000 0.000000000 0.000000000 -0.231448161 0.972847238
96.100000 430.097600 -695.527500 0.000000 0.000000000 0.000000000 -0.231448161 0.972847238
96.200000 430.097600 -695.527500 0.000000 0.000000000 0.000000000 -0.231448161 0.972847238
96.300000 431.417800 -696.193300 0.000000 0.000000000 0.000000000 -0.231448161 0.972847238
96.400000 432.737900 -696.859100 0.000000 0.000000000 0.000000000 -0.231448161 0.972847238
96.500000 434.058100 -697.525000 0.000000 0.000000000 0.000000000 -0.231448161 0.972847238
96.600000 435.378200 -698.190800 0.000000 0.000000000 0.000000000 -0.231448161 0.972847238
96.700000 436.698300 -698.856600 0.000000 0.000000000 0.000000000 -0.231448161 0.972847238
96.800000 438.018500 -699.522500 0.000000 0.000000000 0.000000000 -0.231448161 0.972847238
96.900000 439.338600 -700.188300 0.000000 0.000000000 0.000000000 -0.223436805 0.974718418
97.000000 440.658800 -700.854100 0.000000 0.000000000 0.000000000 -0.202315754 0.979320344
97.100000 441.978900 -701.520000 0.000000 0.000000000 0.000000000 -0.181075580 0.983469183
97.200000 443.299100 -702.185800 0.000000 0.000000000 0.000000000 -0.159805877 0.987148460
97.300000 444.668700 -702.641200 0.000000 0.000000000 0.000000000 -0.159805877 0.987148460
97.400000 446.038300 -703.096500 0.000000 0.000000000 0.000000000 -0.159805877 0.987148460
97.500000 448.777500 -704.007300 0.000000 0.000000000 0.000000000 -0.159805877 0.987148460
97.600000 448.777500 -704.007300 0.000000 0.000000000 0.000000000 -0.159805877 0.987148460
97.700000 134.082700 -323.935000 0.000000 0.000000000 0.000000000 -0.945295578 0.326215067
97.800000 134.082700 -323.935000 0.000000 0.000000000 0.000000000 -0.945295578 0.326215067
97.900000 132.923800 -324.843000 0.000000 0.000000000 0.000000000 -0.945295578 0.326215067
98.000000 350.459100 -364.822000 0.000000 0.000000000 0.000000000 0.495401522 0.868664108
98.100000 496.943100 -709.212500 0.000000 0.000000000 0.000000000 0.137999199 0.990432340
98.200000 531.185900 -656.387600 0.000000 0.000000000 0.000000000 0.744094882 0.668073953
98.300000 162.119600 -314.079400 0.000000 0.000000000 0.000000000 -0.999721962 0.023579641
98.400000 151.652200 -314.573500 0.000000 0.000000000 0.000000000 -0.999721962 0.023579641
98.500000 151.652200 -314.573500 0.000000 0.000000000 0.000000000 -0.999721962 0.023579641
98.600000 101.189900 -385.102100 0.000000 0.000000000 0.000000000 -0.804395054 0.594094771
98.700000 99.885200 -389.342100 0.000000 0.000000000 0.000000000 -0.804395054 0.594094771
98.800000 151.652200 -314.573500 0.000000 0.000000000 0.000000000 -0.999721962 0.023579641
98.900000 120.176900 -334.830100 0.000000 0.000000000 0.000000000 -0.945295578 0.326215067
99.000000 530.060100 -645.961400 0.000000 0.000000000 0.000000000 0.753228030 0.657759481
99.100000 148.661500 -314.714700 0.000000 0.000000000 0.000000000 -0.989292239 0.145948159
99.200000 336.982600 -387.602600 0.000000 0.000000000 0.000000000 0.495401522 0.868664108
99.300000 467.952100 -710.382600 0.000000 0.000000000 0.000000000 -0.159805877 0.987148460
99.400000 427.359000 -633.444800 0.000000 0.000000000 0.000000000 0.996755846 0.080484679
99.500000 470.691300 -711.293400 0.000000 0.000000000 0.000000000 -0.132833728 0.991138336
99.600000 470.691300 -711.293400 0.000000 0.000000000 0.000000000 -0.132833728 0.991138336
99.700000 418.848500 -632.061400 0.000000 0.000000000 0.000000000 0.996755846 0.080484679
99.800000 137.559100 -321.211300 0.000000 0.000000000 0.000000000 -0.945295578 0.326215067
99.900000 137.559100 -321.211300 0.000000 0.000000000 0.000000000 -0.945295578 0.326215067
100.000000 136.400300 -322.119200 0.000000 0.000000000 0.000000000 -0.945295578 0.326215067
100.100000 134.082700 -323.935000 0.000000 0.000000000 0.000000000 -0.945295578 0.326215067
100.200000 418.848500 -632.061400 0.000000 0.000000000 0.000000000 0.996755846 0.080484679
100.300000 357.197300 -353.431600 0.000000 0.000000000 0.000000000 0.495401522 0.868664108
100.400000 129.447400 -327.566700 0.000000 0.000000000 0.000000000 -0.945295578 0.326215067
100.500000 145.001600 -626.832500 0.000000 0.000000000 0.000000000 -0.082086035 0.996625247
100.600000 516.884100 -696.642600 0.000000 0.000000000 0.000000000 0.425591104 0.904915583
100.700000 150.725000 -627.677400 0.000000 0.000000000 0.000000000 -0.019074843 0.999818059
100.800000 124.812100 -331.198400 0.000000 0.000000000 0.000000000 -0.945295578 0.326215067
100.900000 123.653300 -332.106400 0.000000 0.000000000 0.000000000 -0.945295578 0.326215067
101.000000 121.335700 -333.922200 0.000000 0.000000000 0.000000000 -0.945295578 0.326215067
101.100000 121.335700 -333.922200 0.000000 0.000000000 0.000000000 -0.945295578 0.326215067
101.200000 120.176900 -334.830100 0.000000 0.000000000 0.000000000 -0.945295578 0.326215067
101.300000 119.018000 -335.738100 0.000000 0.000000000 0.000000000 -0.933667237 0.358141717
101.400000 159.213000 -627.867300 0.000000 0.000000000 0.000000000 0.004855481 0.999988212
101.500000 316.187800 -471.500900 0.000000 0.000000000 0.000000000 0.688338817 0.725389325
101.600000 115.106700 -339.875200 0.000000 0.000000000 0.000000000 -0.804395054 0.594094771
101.700000 496.943100 -709.212500 0.000000 0.000000000 0.000000000 0.137999199 0.990432340
101.800000 162.012700 -627.840100 0.000000 0.000000000 0.000000000 0.004855481 0.999988212
101.900000 525.249600 -685.322700 0.000000 0.000000000 0.000000000 0.491826268 0.870693357
102.000000 109.018100 -359.661900 0.000000 0.000000000 0.000000000 -0.804395054 0.594094771
102.100000 164.812500 -627.812900 0.000000 0.000000000 0.000000000 0.013352103 0.999910857
102.200000 502.700000 -707.576500 0.000000 0.000000000 0.000000000 0.258610507 0.965981680
102.300000 167.612200 -627.785700 0.000000 0.000000000 0.000000000 0.043121625 0.999069830
102.400000 199.383800 -313.109600 0.000000 0.000000000 0.000000000 0.999894596 0.014518817
102.500000 373.722300 -556.933700 0.000000 0.000000000 0.000000000 0.896406781 0.443232312
102.600000 528.767100 -677.611300 0.000000 0.000000000 0.000000000 0.606007244 0.795459125
102.700000 507.170800 -704.997800 0.000000 0.000000000 0.000000000 0.312827984 0.949809798
102.800000 175.831000 -626.977500 0.000000 0.000000000 0.000000000 0.073014469 0.997330882
102.900000 508.288500 -704.353200 0.000000 0.000000000 0.000000000 0.341449358 0.939900174
103.000000 509.406200 -703.708500 0.000000 0.000000000 0.000000000 0.369565153 0.929204820
103.100000 511.542800 -701.689700 0.000000 0.000000000 0.000000000 0.369565153 0.929204820
103.200000 511.542800 -701.689700 0.000000 0.000000000 0.000000000 0.369565153 0.929204820
103.300000 511.542800 -701.689700 0.000000 0.000000000 0.000000000 0.369565153 0.929204820
103.400000 181.559100 -313.161900 0.000000 0.000000000 0.000000000 -0.999721962 0.023579641
103.500000 513.679300 -699.670800 0.000000 0.000000000 0.000000000 0.376249961 0.926518196
103.600000 514.747500 -698.661400 0.000000 0.000000000 0.000000000 0.392826813 0.919612470
103.700000 515.815800 -697.652000 0.000000 0.000000000 0.000000000 0.409289761 0.912404456
103.800000 516.884100 -696.642600 0.000000 0.000000000 0.000000000 0.425591104 0.904915583
103.900000 531.774900 -666.689500 0.000000 0.000000000 0.000000000 0.707736064 0.706476938
104.000000 517.760700 -695.583900 0.000000 0.000000000 0.000000000 0.425591104 0.904915583
104.100000 518.637300 -694.525100 0.000000 0.000000000 0.000000000 0.434095499 0.900866859
104.200000 519.513900 -693.466400 0.000000 0.000000000 0.000000000 0.447376724 0.894345608
104.300000 519.513900 -693.466400 0.000000 0.000000000 0.000000000 0.447376724 0.894345608
104.400000 80.920900 -468.753000 0.000000 0.000000000 0.000000000 -0.636957417 0.770898988
104.500000 531.185900 -656.387600 0.000000 0.000000000 0.000000000 0.744094882 0.668073953
104.600000 331.021200 -399.436300 0.000000 0.000000000 0.000000000 0.571544213 0.820571272
104.700000 522.860100 -688.938400 0.000000 0.000000000 0.000000000 0.473632782 0.880722424
104.800000 522.860100 -688.938400 0.000000 0.000000000 0.000000000 0.473632782 0.880722424
104.900000 465.212900 -709.471800 0.000000 0.000000000 0.000000000 -0.159805877 0.987148460
105.000000 466.582500 -709.927200 0.000000 0.000000000 0.000000000 -0.159805877 0.987148460
105.100000 467.952100 -710.382600 0.000000 0.000000000 0.000000000 -0.159805877 0.987148460
105.200000 469.321700 -710.838000 0.000000 0.000000000 0.000000000 -0.159805877 0.987148460
105.300000 526.046100 -684.117400 0.000000 0.000000000 0.000000000 0.531057833 0.847335576
105.400000 470.691300 -711.293400 0.000000 0.000000000 0.000000000 -0.132833728 0.991138336
105.500000 121.335700 -333.922200 0.000000 0.000000000 0.000000000 -0.945295578 0.326215067
105.600000 527.639100 -681.707000 0.000000 0.000000000 0.000000000 0.606007244 0.795459125
105.700000 528.391100 -678.976500 0.000000 0.000000000 0.000000000 0.606007244 0.795459125
105.800000 528.391100 -678.976500 0.000000 0.000000000 0.000000000 0.606007244 0.795459125
105.900000 212.814400 -614.747500 0.000000 0.000000000 0.000000000 0.302780737 0.953060242
106.000000 529.143000 -676.246100 0.000000 0.000000000 0.000000000 0.606007244 0.795459125
106.100000 400.170700 -587.703400 0.000000 0.000000000 0.000000000 0.853842199 0.520531939
106.200000 444.803200 -622.068500 0.000000 0.000000000 0.000000000 -0.899384713 0.437158024
106.300000 529.519000 -674.880800 0.000000 0.000000000 0.000000000 0.606007244 0.795459125
106.400000 509.406200 -703.708500 0.000000 0.000000000 0.000000000 0.369565153 0.929204820
106.500000 181.559100 -313.161900 0.000000 0.000000000 0.000000000 -0.999721962 0.023579641
106.600000 484.311800 -711.767300 0.000000 0.000000000 0.000000000 0.046745459 0.998906834
106.700000 270.416100 -615.590000 0.000000 0.000000000 0.000000000 -0.194329624 0.980936286
106.800000 111.423900 -590.204000 0.000000 0.000000000 0.000000000 -0.537746525 0.843106562
106.900000 177.073100 -313.373700 0.000000 0.000000000 0.000000000 -0.999721962 0.023579641
107.000000 274.443800 -617.251000 0.000000 0.000000000 0.000000000 -0.194329624 0.980936286
107.100000 487.029400 -711.512400 0.000000 0.000000000 0.000000000 0.088266483 0.996096897
107.200000 487.029400 -711.512400 0.000000 0.000000000 0.000000000 0.088266483 0.996096897
107.300000 172.587000 -313.585400 0.000000 0.000000000 0.000000000 -0.999721962 0.023579641
107.400000 488.388200 -711.385000 0.000000 0.000000000 0.000000000 0.113220202 0.993569920
107.500000 492.625400 -710.439500 0.000000 0.000000000 0.000000000 0.137999199 0.990432340
107.600000 492.625400 -710.439500 0.000000 0.000000000 0.000000000 0.137999199 0.990432340
107.700000 494.064600 -710.030500 0.000000 0.000000000 0.000000000 0.137999199 0.990432340
107.800000 519.117800 -615.493800 0.000000 0.000000000 0.000000000 0.831080674 0.556151880
107.900000 496.943100 -709.212500 0.000000 0.000000000 0.000000000 0.137999199 0.990432340
108.000000 496.943100 -709.212500 0.000000 0.000000000 0.000000000 0.137999199 0.990432340
108.100000 498.382300 -708.803500 0.000000 0.000000000 0.000000000 0.150371466 0.988629568
108.200000 358.794500 -535.279500 0.000000 0.000000000 0.000000000 0.933214699 0.359319253
108.300000 501.260800 -707.985500 0.000000 0.000000000 0.000000000 0.222949905 0.974829903
108.400000 502.700000 -707.576500 0.000000 0.000000000 0.000000000 0.258610507 0.965981680
108.500000 356.585000 -533.281900 0.000000 0.000000000 0.000000000 0.933214699 0.359319253
108.600000 514.253800 -604.889700 0.000000 0.000000000 0.000000000 0.849451004 0.527667502
108.700000 514.253800 -604.889700 0.000000 0.000000000 0.000000000 0.849451004 0.527667502
108.800000 513.611300 -603.589900 0.000000 0.000000000 0.000000000 0.849451004 0.527667502
108.900000 513.611300 -603.589900 0.000000 0.000000000 0.000000000 0.849451004 0.527667502
109.000000 514.253800 -604.889700 0.000000 0.000000000 0.000000000 0.849451004 0.527667502
